-0.0041182 -0.00291761 0.0025235 0.00403063 0.00269371 -0.00276882 0.0183086 0.00049274 -0.00288736 0.00242422 0.0161057 0.000997854 0.00388855 -0.00916144 0.00787256 -0.0035692 0.00143738 0.0026129 0.00417939 0.0182199 0.0178093 0.00142202 0.000334777 -0.0184956 0.00421286 0.00303572 0.00257041 -0.00141592 -0.00611977 -0.00529695 0.0164357 -0.00400614 -0.00402416 -0.000148847 -0.00842944 0.00140636 0.00908879 8.06559e-05 0.0127611 -0.00360718 -0.0163707 0.00250434 0.0078722 0.00227471 -0.000508411 -0.00393032 -0.00409839 -0.00119363 0.0164927 0.0183149
-0.00378818 -0.00308048 -0.00347129 0.000332135 0.00284564 -0.00286551 0.00105538 0.00452611 -0.00346076 0.00266323 -0.00285865 -0.00409152 0.00356249 -0.00118101 0.000622353 -0.00353162 -0.00346651 0.00308217 0.00378489 0.000744174 0.00119035 -0.00397385 -0.00379859 -0.00246483 0.0037694 0.00317891 0.00276976 0.00398386 -0.00258544 -0.00257684 -0.00280669 -0.000373538 -0.000376719 0.00420076 0.00224203 -0.0039562 0.000220385 -0.00408948 -0.00449323 0.000312015 0.00287405 0.00363946 0.000621634 0.00285934 0.00420773 -0.000319591 -0.00368974 -0.00376183 -0.00351557 0.00127411
-0.00582244 -0.0045268 0.000598356 0.00297005 0.00419814 -0.00464964 0.025892 0.00212903 -0.00472803 0.00402156 0.0285535 -0.000745288 0.00529222 -0.00952824 0.0094781 -0.00562882 0.000735681 0.00392555 0.00540871 0.0260712 0.0201674 -0.00110738 -0.00131151 -0.0304992 0.00567612 0.00467506 0.00391333 0.00111429 -0.00859122 -0.00737785 0.0213644 -0.00350188 -0.00303809 0.00129025 -0.0131559 -0.00106356 0.00841184 -0.00132169 0.00692097 -0.00707845 -0.0240599 0.00434814 0.00947716 0.00385181 0.00128711 -0.00355942 -0.00567261 -0.00266313 0.0206193 0.0266001
-0.01138 -0.00660243 0.00942836 0.0154421 0.00605461 -0.00665423 0.0750894 -0.00310895 -0.00672751 0.00577389 0.0750582 0.00662153 0.0102769 -0.0308733 0.0187778 -0.0091479 0.011548 0.00578075 0.0112696 0.0753246 0.0740374 0.00817155 0.00418579 -0.0780226 0.0118783 0.00692513 0.00571198 -0.00815184 -0.0174757 -0.015959 0.0711599 -0.0156765 -0.0154325 -0.00421649 -0.0383853 0.00802036 0.0267249 0.00406208 0.0623096 -0.0172197 -0.0724783 0.00538141 0.0187772 0.0052948 -0.00459119 -0.0156311 -0.0114488 0.00125772 0.0718323 0.0751181
-0.000893767 -0.00262603 -0.00536932 -0.00345131 0.00256675 -0.00215153 -0.00575275 0.00591393 -0.00263959 0.00224652 -0.00939637 -0.00487316 0.00130488 0.00103159 -0.00180515 -0.00183609 -0.00637499 0.00265546 0.00101958 -0.00607239 -0.00815168 -0.00432283 -0.00483463 0.00618773 0.000527515 0.00247379 0.00273926 0.00432605 0.00113927 0.00147204 -0.00897913 0.00343669 0.00344109 0.00537732 0.00596298 -0.00432693 -0.00241668 -0.0053698 -0.0113076 0.004779 0.00955211 0.00259085 -0.00180566 0.00207917 0.00486289 0.0036236 -0.000688294 -0.00563474 -0.00939329 -0.00595006
-0.00332614 -0.00217043 -0.000728502 0.00237352 0.00195977 -0.0021367 0.0099125 0.00315206 -0.00266036 0.00209335 0.0114986 -0.00211043 0.00291799 -0.00464927 0.00457876 -0.00284159 0.00137007 0.00226584 0.00324422 0.0102461 0.00461409 -0.000860678 -0.00293603 -0.011852 0.00344489 0.00224761 0.00203228 0.000874272 -0.00508797 -0.00472081 0.00828784 -0.00254753 -0.00241988 0.00307113 -0.00414504 -0.00100015 0.00428432 -0.00299372 0.00204347 -0.00321264 -0.00985114 0.00261379 0.00457866 0.00213633 0.00319654 -0.00250991 -0.00329906 -0.00255249 0.00828408 0.010144
-0.00489375 -0.00318141 -0.00129397 0.00280367 0.00290837 -0.00357471 0.00850569 0.00242725 -0.00381422 0.00317894 0.01134 -0.00109729 0.00413316 -0.00498114 0.00765813 -0.0046209 -0.000902456 0.00289824 0.00419867 0.00868973 0.00837941 -0.00143184 -0.00204614 -0.0123792 0.00470035 0.00333884 0.00272706 0.00143959 -0.00430027 -0.0042202 0.00596362 -0.00276981 -0.00277748 0.00175369 -0.00358046 -0.00141962 0.00523283 -0.00177597 0.00299949 -0.00246314 -0.00790418 0.00369665 0.00765711 0.00309565 0.0020166 -0.00268533 -0.00472304 -0.0026236 0.00492803 0.009353
-0.00188043 -0.00242386 -0.00418624 0.000278094 0.00230796 -0.00231802 -0.000537949 0.00438288 -0.00289536 0.00231083 -0.00244423 -0.00376847 0.00175226 -0.00214676 0.00047714 -0.00234767 -0.00381684 0.00253106 0.00167063 -0.000644151 -0.00154318 -0.00380541 -0.0038057 -0.00176102 0.00164107 0.00239458 0.0023111 0.0038125 -0.000827125 -0.000765307 -0.00399193 -0.000436452 -0.000290317 0.0040059 0.00188362 -0.00377759 7.65824e-05 -0.0039661 -0.00506626 -0.000714593 0.00352839 0.00293878 0.000476345 0.00234651 0.00395672 -0.000433565 -0.0017031 -0.00394318 -0.00416884 -0.000552998
-0.00143594 -0.00227442 -0.00756289 -0.00132068 0.00212703 -0.00202228 -0.0202711 0.00615575 -0.00264452 0.00210077 -0.0248793 -0.00467682 0.0015244 0.00679957 -0.00282021 -0.00212463 -0.00561691 0.00246372 0.00130899 -0.0208749 -0.0156535 -0.00422082 -0.00513335 0.0197342 0.00105989 0.00229509 0.00226574 0.00422683 0.00250407 0.00191135 -0.022812 0.00133603 0.00133809 0.005487 0.0142234 -0.0042231 -0.00648698 -0.00550496 -0.0170813 0.00260134 0.0238962 0.00282173 -0.0028212 0.00212868 0.00506052 0.00145758 -0.00120001 -0.00579611 -0.0235325 -0.0204566
0.000605854 -0.000524805 -0.00534354 -0.00242983 0.000539565 -0.000395545 -0.0296746 0.00530951 -0.00141973 0.00100593 -0.0338366 -0.00559702 -0.000590315 0.00349993 -0.00112112 -2.03989e-05 -0.00461042 0.00125793 -0.000767094 -0.0301778 -0.022099 -0.00554786 -0.00518662 0.0310904 -0.000862874 0.000385823 0.000983654 0.00555423 0.00145052 0.0016082 -0.0305463 0.00232177 0.00241807 0.00539836 0.0171797 -0.00554286 -0.00256727 -0.00528227 -0.0204291 0.00173137 0.0324303 0.00174366 -0.00112156 0.00120954 0.00556588 0.00233294 0.000769758 -0.00421445 -0.0308914 -0.0297919
-0.00303429 -0.00254812 -0.00311322 0.0021576 0.00237416 -0.00225309 -0.00658115 0.00270794 -0.00268784 0.00211298 -0.0104747 -0.00245511 0.00300492 -0.00101567 0.00136624 -0.00285571 -0.00217125 0.00254701 0.00310409 -0.00730395 -0.00237255 -0.00215675 -0.00213396 0.00633879 0.00293801 0.00262268 0.00231344 0.00216535 -0.00163449 -0.00167461 -0.00951341 -0.00215375 -0.0021494 0.00254413 0.00602854 -0.00215105 0.00102768 -0.00246561 -0.00594695 -0.0014015 0.0108149 0.00268645 0.00136554 0.00218807 0.00242249 -0.00209825 -0.00291765 -0.00220917 -0.0102032 -0.00673914
0.000265729 -0.000911257 -0.00375557 -0.00193321 0.000931089 -0.00084489 -0.0135617 0.00366961 -0.00135658 0.00109607 -0.017984 -0.00322095 -0.00025408 0.00314052 -0.003082 -0.000373266 -0.00354658 0.00117384 -0.00039663 -0.0139086 -0.0115267 -0.00318691 -0.00333983 0.0143052 -0.000443653 0.000762552 0.00110903 0.00318965 0.00144735 0.00126682 -0.0152413 0.00180693 0.00190732 0.00343319 0.00986209 -0.0031801 -0.00290499 -0.00341977 -0.0113048 0.00175483 0.0164366 0.00140999 -0.00308223 0.00111359 0.0033829 0.00179418 0.000373372 -0.00336198 -0.0153483 -0.0137301
-0.000216362 -0.00170631 -0.00701245 -0.00504843 0.00160882 -0.00159119 -0.00723671 0.00649138 -0.0020568 0.00161613 -0.00573311 -0.00672771 0.00036922 0.0065455 -0.00239094 -0.00134861 -0.00719414 0.00181826 -4.84598e-05 -0.00701168 -0.0115508 -0.00705974 -0.00607501 0.00453774 -0.000275564 0.00171707 0.00168974 0.00706306 0.00266516 0.00266025 -0.00958883 0.00500769 0.00502049 0.00635297 0.00449836 -0.0070075 -0.00654504 -0.00623245 -0.0130057 0.00506225 0.00783288 0.00247777 -0.00239169 0.00169765 0.00646658 0.00504906 4.34829e-05 -0.00531164 -0.00966435 -0.00705552
-0.00104826 -0.00107219 -0.00204081 0.000586588 0.00100807 -0.00108834 -0.00335298 0.00186681 -0.00138399 0.00111526 -0.00565536 -0.00138333 0.00088816 -0.00107917 0.000372043 -0.00115884 -0.0013317 0.00114886 0.00090571 -0.00350008 -0.00250434 -0.00123281 -0.00167361 0.00315791 0.000984802 0.00106005 0.00104688 0.00123699 -0.000588633 -0.000667176 -0.00484362 -0.000635686 -0.000583068 0.00168987 0.00353116 -0.00124687 0.000965567 -0.00168009 -0.00309424 -0.000407509 0.00521294 0.00135918 0.000371668 0.00113267 0.00171254 -0.000581172 -0.000984695 -0.00172261 -0.00497849 -0.00337945
-0.0015371 -0.00121258 -0.000523198 0.00147916 0.00114344 -0.00122003 -0.00222652 0.0010636 -0.0014702 0.001228 -0.00452791 -6.03278e-05 0.00134797 0.000261308 0.00117731 -0.00141724 0.000164054 0.00124359 0.00145453 -0.00234122 -0.0013455 0.000133058 -0.000654376 0.00201683 0.00155235 0.00120892 0.00119762 -0.000129965 -0.00140873 -0.00156276 -0.00362909 -0.00155979 -0.00148303 0.000655953 0.00287154 0.000121544 0.000385294 -0.000707462 -0.00254108 -0.00169665 0.0039632 0.00130757 0.00117711 0.0011629 0.000497184 -0.00153912 -0.00151031 -0.00139366 -0.00367701 -0.00227219
0.000397473 -0.000844664 -0.00348475 -0.00157876 0.00087537 -0.000952806 -0.00511998 0.00263317 -0.00127656 0.00114291 -0.00694283 -0.00232493 -0.000475647 0.00253524 -0.00213673 -0.000400601 -0.00337502 0.000973946 -0.000706018 -0.00510281 -0.00275993 -0.0023985 -0.00261036 0.00503045 -0.000628775 0.000690381 0.00102659 0.00240016 0.00158021 0.00130183 -0.00594043 0.00145662 0.00157623 0.00249263 0.00517584 -0.00240342 -0.00214853 -0.00249034 -0.00323514 0.0016648 0.00640241 0.00116866 -0.00213694 0.00103669 0.00262047 0.00150228 0.000516131 -0.00251258 -0.00597975 -0.00497937
-0.00282999 -0.00309664 -0.00527187 0.00139096 0.00297728 -0.00359031 0.0244015 0.00468093 -0.00449848 0.00390198 0.0249991 -0.00272268 0.00202391 -0.00552979 0.00360633 -0.00350163 -0.00476565 0.00336351 0.00189669 0.0247225 0.0243908 -0.00265745 -0.00444397 -0.0274363 0.00251208 0.00291477 0.00333792 0.00266649 -0.00160808 -0.00185733 0.0204314 -0.00147958 -0.0013374 0.0039376 -0.00790545 -0.00270892 0.00539745 -0.00400362 0.0159987 0.000143757 -0.0216021 0.00403454 0.00360547 0.00366392 0.0042626 -0.0012055 -0.00260278 -0.0050671 0.0202229 0.0251421
-0.00534897 -0.00347295 0.00245579 0.00628802 0.00320393 -0.00336716 0.00581811 0.0003647 -0.00360785 0.00304402 0.00612971 0.00109165 0.0049082 -0.00643718 0.00753019 -0.00444038 0.00506813 0.00319821 0.00539615 0.00564267 0.0062502 0.00247656 5.29418e-05 -0.00637448 0.00558897 0.003591 0.0031337 -0.00246245 -0.00824009 -0.00779864 0.0053292 -0.00660727 -0.00633745 0.000109742 -0.00249672 0.0023339 0.00686244 -9.53276e-05 0.00321644 -0.00828933 -0.00514619 0.00303266 0.00753004 0.00281607 3.50913e-05 -0.00662549 -0.00536948 -0.00059378 0.00509606 0.00580985
0.00225145 -0.000785461 -0.0100821 -0.00537561 0.000883501 -0.000575905 -0.0259195 0.00809699 -0.0016346 0.00117066 -0.0288783 -0.00848484 -0.00202205 0.0113019 -0.00958135 0.000636726 -0.00991616 0.00148378 -0.00246553 -0.026326 -0.0169827 -0.00843349 -0.0079073 0.0265773 -0.00271578 0.000490288 0.00121118 0.00843996 0.00654575 0.00561836 -0.027126 0.00526369 0.00534805 0.00820776 0.0174277 -0.00842231 -0.0114689 -0.008062 -0.0150616 0.00654047 0.0286657 0.00209201 -0.00958178 0.00137359 0.00836852 0.00526323 0.00250603 -0.00655058 -0.0274863 -0.0260765
-0.000151391 -0.00135809 -0.00553142 0.00156695 0.00124761 -0.0013142 -0.000228886 0.00521916 -0.00212257 0.00154029 -0.00390953 -0.00473833 -8.78373e-06 -0.000786124 -0.00042446 -0.0010167 -0.00398371 0.0018135 -0.000170378 -0.000471696 0.00488525 -0.00417719 -0.00510868 0.00048492 -0.000155775 0.00136032 0.00135347 0.00418918 0.00150159 0.00117505 -0.00279471 -0.00155561 -0.00151526 0.00521413 0.0061932 -0.00422759 7.8693e-05 -0.00514534 0.000848431 -0.000565039 0.00387334 0.00234091 -0.000425107 0.00173075 0.0053304 -0.0014944 6.67868e-05 -0.00431912 -0.00228067 -0.000503181
0.00137564 -0.000622855 -0.00414663 -0.000892076 0.000677608 -0.000401692 -0.0131174 0.00445749 -0.00121258 0.000850923 -0.0158581 -0.00440101 -0.00122687 0.000308866 -0.000718614 0.000421366 -0.00423725 0.00117644 -0.00142388 -0.0132743 -0.00938609 -0.00427258 -0.00419037 0.0134934 -0.0016134 0.000433835 0.000908433 0.00427802 0.00157484 0.00178509 -0.0143731 0.000816372 0.000908776 0.00442683 0.00866238 -0.00425933 -0.000804171 -0.00437937 -0.00849809 0.00069831 0.0151832 0.00137231 -0.000719008 0.000993089 0.00434856 0.000839631 0.00152534 -0.00382338 -0.0145324 -0.0131297
-0.00352253 -0.00422849 -0.00160949 0.0019207 0.00404105 -0.00343001 -0.00755452 0.0032307 -0.00366409 0.0031516 -0.0125432 -0.00195365 0.00401476 -0.00399358 0.00249998 -0.00372562 -0.00138938 0.0038689 0.004073 -0.00830027 -0.00409811 -0.000587634 -0.00191367 0.00784416 0.00341546 0.00418025 0.00399541 0.000596304 -0.00449738 -0.00353125 -0.0108216 -0.00218036 -0.00196652 0.00276745 0.00770733 -0.000649951 0.00379035 -0.00275873 -0.00590663 -0.00241305 0.0123095 0.00314063 0.0024995 0.00285997 0.00197846 -0.00212208 -0.00340814 -0.00335938 -0.0117121 -0.00777857
-0.000309633 -0.00100672 -0.00477715 -0.00145466 0.000924942 -0.00107897 -0.0102589 0.00421017 -0.00146488 0.00116708 -0.0155642 -0.00398286 0.000197263 0.0023686 -0.00066436 -0.00100027 -0.00279862 0.00116409 -4.35251e-05 -0.0106849 -0.00591943 -0.00363218 -0.00423741 0.0122534 -5.32699e-06 0.00100262 0.00101925 0.00363863 0.00114785 0.00103537 -0.0116509 0.00138992 0.00145536 0.00423392 0.0084417 -0.00368176 -0.00242219 -0.00416106 -0.00679625 0.00114182 0.0137661 0.00165721 -0.000664973 0.00120801 0.00445982 0.00142728 -0.000129013 -0.0034022 -0.0116149 -0.0105044
-0.00403916 -0.00291526 0.00210997 0.00363325 0.00269887 -0.00269457 0.0149874 0.00105087 -0.00285064 0.00239358 0.0164371 0.000118052 0.00390824 -0.00902019 0.00881726 -0.00356661 0.0024014 0.00264533 0.00409709 0.0150439 0.0111572 0.000644125 -0.000297851 -0.017557 0.00402771 0.00300668 0.00259597 -0.000637125 -0.00721406 -0.00587641 0.0122699 -0.00393652 -0.00366108 0.000564312 -0.00731228 0.000619035 0.00879051 -0.000591447 0.00601362 -0.00634283 -0.0137067 0.00254416 0.00881681 0.00225966 0.000252129 -0.00394917 -0.00397015 -0.00143819 0.0119524 0.0151819
-0.00436162 -0.00288755 -0.00471859 0.00243393 0.00260317 -0.00311485 -0.00206595 0.00483966 -0.00378966 0.00295513 -0.0078263 -0.00345967 0.00363638 -0.00493556 0.00289687 -0.00408008 -0.00186797 0.00297517 0.00379631 -0.00265026 0.00159937 -0.00315508 -0.00441804 0.00175482 0.00422 0.00302275 0.00254318 0.00316836 -0.00275875 -0.00298392 -0.00652296 -0.00242207 -0.00242272 0.00433622 0.0056846 -0.00319852 0.0044114 -0.00429004 -0.00330433 -0.00177327 0.00778297 0.00397135 0.00289572 0.0031615 0.00458587 -0.00233652 -0.00418702 -0.0042589 -0.00685892 -0.00203399
0.000324028 -0.00101838 -0.00796029 -0.00649777 0.000955287 -0.00126248 -0.00663069 0.00660904 -0.00144197 0.00125104 -0.00505552 -0.00695311 -0.000317062 0.00897907 -0.00657515 -0.00113883 -0.00807422 0.00100325 -0.00107127 -0.00643697 -0.00627623 -0.00727617 -0.00675919 0.00528484 -0.00110694 0.00101234 0.00100701 0.00727814 0.00605813 0.00541908 -0.00721984 0.00648149 0.00649742 0.0066497 0.00560054 -0.0072727 -0.00900915 -0.00652538 -0.00719319 0.0071612 0.00659092 0.00194352 -0.00657561 0.00117819 0.00712501 0.0065258 0.000692871 -0.00523249 -0.00742401 -0.00621682
-0.00806104 -0.00495821 0.00717364 0.00926999 0.00454034 -0.00477905 0.0272531 -0.00139151 -0.00468938 0.00405218 0.0308027 0.00368859 0.00753987 -0.0162275 0.0173865 -0.00657646 0.00984311 0.00422441 0.00821024 0.0275432 0.0230518 0.00529034 0.00223862 -0.0304684 0.00840067 0.00519963 0.00428225 -0.00527567 -0.0154836 -0.0135522 0.0256471 -0.00988701 -0.0093483 -0.00201694 -0.0168099 0.00513843 0.0152996 0.00195663 0.0175744 -0.0147833 -0.0275235 0.00377448 0.0173861 0.00365986 -0.00236552 -0.00993099 -0.00811264 0.000368249 0.0252425 0.0276385
-0.00287125 -0.00199127 -0.00237229 0.00234003 0.00182755 -0.00209565 -0.0038095 0.00277911 -0.0025514 0.00205311 -0.00718832 -0.00118142 0.00242046 -0.00306194 0.00125821 -0.00264208 -0.000385163 0.00205743 0.00257356 -0.00402557 -0.00146052 -0.000750429 -0.0022626 0.00352783 0.00283343 0.00202876 0.00185006 0.000758348 -0.00218151 -0.00239814 -0.00613525 -0.00243095 -0.00234286 0.00220632 0.00606701 -0.000794052 0.00288749 -0.00224908 -0.00398043 -0.00228271 0.00664889 0.00248766 0.0012576 0.00208868 0.00212861 -0.00240836 -0.00278392 -0.00288452 -0.00623198 -0.00373836
-0.0133829 -0.00754051 0.0147729 0.0174896 0.00684932 -0.00808789 0.102889 -0.00347919 -0.0080008 0.00683746 0.106226 0.00820834 0.0116575 -0.0459972 0.0369579 -0.0110349 0.01511 0.0063966 0.0126437 0.103252 0.0995976 0.00857519 0.00484625 -0.109356 0.0137712 0.00796208 0.00621989 -0.00855811 -0.0274976 -0.0232518 0.0965987 -0.0182369 -0.0174983 -0.00540842 -0.0566299 0.00852756 0.0422027 0.00510222 0.0792413 -0.0259461 -0.0998158 0.00664795 0.0369564 0.0064417 -0.0057132 -0.0182844 -0.0133786 0.000605272 0.0963407 0.103557
-0.00375283 -0.00266208 -0.00236054 0.00112278 0.00246651 -0.00254815 0.0166151 0.00367239 -0.0031033 0.00248684 0.0142729 -0.00288664 0.0034494 -0.00154916 0.00217455 -0.00333041 -0.00147974 0.00270934 0.00366328 0.0163981 0.0140119 -0.0021825 -0.00321023 -0.0175388 0.00374537 0.0026943 0.0025241 0.00219336 -0.00352136 -0.00338678 0.0133737 -0.00128091 -0.00116103 0.00344909 -0.00576172 -0.00224957 0.00228078 -0.00336382 0.00663029 -0.00120831 -0.0134333 0.00309971 0.00217435 0.00253139 0.00351285 -0.00119345 -0.00366912 -0.00308857 0.0129724 0.0169247
-0.00099833 -0.000958466 -0.00224131 -0.000139723 0.000894353 -0.000902965 -0.00066756 0.00250836 -0.00134816 0.00101571 -0.00379569 -0.00241436 0.000881687 -0.000350328 0.000787938 -0.00103432 -0.00217026 0.00116116 0.00091086 -0.000993176 0.00157058 -0.00234418 -0.00232835 0.000862897 0.000932515 0.000942329 0.000987634 0.00234902 -0.00090425 -0.00074078 -0.00258932 6.23093e-05 0.000129942 0.00244813 0.0028433 -0.0023451 0.000722474 -0.00238958 -0.00147089 1.19453e-05 0.0032681 0.0014727 0.000787546 0.00114016 0.0025305 0.000102025 -0.000928627 -0.00202135 -0.00284982 -0.000721481
-0.00181367 -0.00161751 -0.00213625 0.000883909 0.00149383 -0.00160035 -0.0034007 0.00233103 -0.00180619 0.00152088 -0.00610803 -0.00104788 0.00166797 0.00217666 0.000863284 -0.0019013 -0.000477333 0.00156429 0.00167799 -0.00346913 -0.0025297 -0.000484876 -0.0018493 0.00401895 0.0017126 0.00166115 0.00152484 0.000489809 -0.000769784 -0.00107178 -0.00472933 -0.000936335 -0.000885325 0.00190128 0.00388995 -0.00053543 -0.00203681 -0.00194193 -0.00318268 -0.000776156 0.00544635 0.00169406 0.000862875 0.00141143 0.00171236 -0.000884182 -0.00172717 -0.00245526 -0.004598 -0.00349402
-0.00263143 -0.00272147 -0.00238578 0.00237748 0.00253899 -0.00258906 0.0144915 0.00350786 -0.00307559 0.00247556 0.0113855 -0.00266796 0.0024629 -0.00621819 0.0036122 -0.00289283 -0.0017655 0.00272714 0.00245279 0.0142038 0.0173261 -0.00237713 -0.00294251 -0.0158569 0.00243002 0.00275795 0.00249154 0.00238631 -0.00312679 -0.00261251 0.0108828 -0.00260104 -0.00238098 0.00314681 -0.00437892 -0.00238353 0.00438961 -0.00312316 0.00941427 -0.00352847 -0.0105785 0.00299774 0.00361143 0.0025018 0.00304741 -0.0026067 -0.00246234 -0.00326185 0.0105054 0.0146734
-0.000488339 -0.00340658 -0.012404 -0.00686609 0.00318876 -0.00315468 0.00497331 0.0110565 -0.00352958 0.00292316 0.00126383 -0.0104595 0.000893174 0.0141666 -0.00448987 -0.00280653 -0.00927813 0.00322754 -1.83056e-05 0.00463627 0.00333237 -0.00998055 -0.0102851 -0.00628412 -0.000541586 0.00344182 0.00313577 0.00998875 0.00440474 0.00427317 0.00182791 0.00650716 0.00680883 0.0107381 0.00465762 -0.0100024 -0.0152675 -0.0106069 -0.00519566 0.0045641 -0.00128274 0.00402722 -0.00449161 0.0028452 0.0106749 0.00646058 3.85698e-05 -0.00938082 0.00153 0.00515439
-0.00349155 -0.00318347 -0.00802446 -0.000406541 0.00303379 -0.00325666 -0.0368068 0.00673514 -0.00459051 0.0037218 -0.0446338 -0.00440902 0.00288486 0.0121647 -0.00717974 -0.00346145 -0.00677322 0.00377099 0.00314877 -0.0373455 -0.0277536 -0.00393759 -0.00571886 0.0383052 0.00349549 0.0030778 0.00355499 0.00394847 0.00222013 5.98072e-05 -0.0389015 0.000455226 0.000380217 0.00576821 0.025528 -0.00397888 -0.00987946 -0.00579494 -0.0275865 0.0043904 0.0406439 0.00446361 -0.00718022 0.00369308 0.00565907 0.00063967 -0.00338705 -0.00668981 -0.0393755 -0.0367061
-0.000112134 -0.000676018 -0.00320924 -0.00246214 0.000660709 -0.00078581 -0.0112466 0.00323857 -0.00114691 0.000921222 -0.0134385 -0.00335815 -9.99235e-06 0.00114673 -0.00183826 -0.000618911 -0.00335342 0.000842165 -0.000200778 -0.0115579 -0.00844286 -0.00364845 -0.00323948 0.0115458 -0.000118497 0.000611711 0.000769455 0.00365061 0.00112169 0.00111501 -0.0123831 0.00236814 0.00244492 0.0031941 0.00658721 -0.00362952 -0.000821133 -0.00313043 -0.00869016 0.00205074 0.0133181 0.00133531 -0.00183841 0.000977743 0.0034462 0.0023899 1.37996e-05 -0.00262861 -0.0126619 -0.0112818
3.4013e-05 -0.00121053 -0.00525469 -0.000443661 0.0011878 -0.00116545 -0.00910946 0.00513611 -0.00204226 0.00149311 -0.013986 -0.00481906 -0.000186791 0.000384278 -0.000143556 -0.000692724 -0.00439469 0.00170988 -0.000297057 -0.00950136 -0.00535568 -0.0048238 -0.00487106 0.0094946 -0.000257831 0.00108502 0.00134325 0.00483162 0.0010014 0.000915492 -0.0118469 0.000419415 0.000463455 0.00497934 0.00879582 -0.00481078 -0.000406945 -0.0049183 -0.00833057 0.000675052 0.0130102 0.00227615 -0.000144298 0.0017047 0.00507891 0.000486778 0.000200632 -0.00437581 -0.0120419 -0.00915598
-0.00484469 -0.00464993 0.00381826 0.00288169 0.00437338 -0.00388838 0.0245571 0.00188261 -0.00380023 0.0032936 0.0258083 -0.000733636 0.00531758 -0.012768 0.0113472 -0.00477106 0.00233478 0.00397846 0.00531926 0.0245482 0.023626 -3.02611e-05 -0.000389629 -0.0276516 0.00464073 0.00474404 0.00412691 3.57972e-05 -0.0101915 -0.00734712 0.0216817 -0.0035474 -0.00296398 0.00122311 -0.0141903 -1.40115e-05 0.0110338 -0.00124478 0.0183586 -0.00887607 -0.0228114 0.00330802 0.0113466 0.00295976 0.000375007 -0.00364987 -0.00468955 -0.00235742 0.020812 0.0247306
-0.00507342 -0.00424182 -0.00112408 0.00643223 0.00393654 -0.00335809 0.00764659 0.00425906 -0.00408802 0.00319053 0.00433688 -0.00242489 0.00530133 -0.00834716 0.0081896 -0.0044796 0.000992421 0.00428667 0.00565256 0.00721136 0.00719014 -0.00027633 -0.00283855 -0.00887936 0.00507654 0.00434265 0.00389657 0.000294956 -0.00711187 -0.0059838 0.0039241 -0.00660839 -0.00643589 0.00382822 0.00024135 -0.000407233 0.00695483 -0.00379316 0.00316633 -0.00707768 -0.00383932 0.0038765 0.00818881 0.00316916 0.00298409 -0.00657373 -0.00494329 -0.00396358 0.00280128 0.00766986
-0.000569954 -0.000790476 -0.00266791 0.000737173 0.000752869 -0.000785862 -0.00649548 0.00252407 -0.00140597 0.000974597 -0.00913409 -0.00258487 0.000372074 -0.000616644 0.00167744 -0.000708306 -0.00281397 0.00115137 0.000414595 -0.00679305 -0.00244301 -0.00296473 -0.00234885 0.00632665 0.000506135 0.000766043 0.000826623 0.00296947 -0.000387911 -0.000403693 -0.00811959 -0.000773402 -0.000717592 0.00241754 0.00383756 -0.00291269 0.000848847 -0.00236709 -0.0052408 -0.000764099 0.00885404 0.00159713 0.00167688 0.00119481 0.00253582 -0.000717211 -0.000490892 -0.00205824 -0.00845327 -0.006544
-0.00247174 -0.00187541 -0.00443941 -8.79446e-05 0.00174415 -0.00233181 0.00138957 0.00544585 -0.00326597 0.00247225 0.000707291 -0.00592855 0.00174301 -0.00267491 0.0009055 -0.00281652 -0.00593519 0.00230875 0.00152 0.00142482 0.00423832 -0.00716455 -0.0056095 -0.00319765 0.00200588 0.00191245 0.00177787 0.00717353 0.00062206 0.000350465 -0.00126736 -9.34326e-06 0.000127597 0.00533446 0.000741244 -0.00706542 0.00252834 -0.00518633 -0.000887259 -0.000402257 0.000697276 0.0037723 0.000904745 0.00268789 0.00612824 4.70771e-05 -0.0021661 -0.00418535 -0.00129622 0.00154002
-0.000588044 -0.00171004 -0.00466763 -0.000854067 0.00159082 -0.00170619 -0.00708562 0.00383987 -0.00184313 0.00159085 -0.0129547 -0.00239978 0.000589993 0.00578099 -0.00299175 -0.00149322 -0.00308615 0.001595 0.000341925 -0.0072731 -0.00564948 -0.00191505 -0.00328147 0.00807799 0.000278398 0.00175111 0.00160226 0.00191863 0.0022518 0.00152365 -0.00813177 0.00081832 0.000857647 0.00331581 0.00755459 -0.00195398 -0.00586503 -0.00337747 -0.00680928 0.00170038 0.00946438 0.0017661 -0.00299217 0.00143322 0.00306085 0.000857719 -0.000416732 -0.0039165 -0.00783661 -0.00720666
-0.00408389 -0.00246951 -0.00100078 0.00569233 0.00224214 -0.00249283 0.0104165 0.00404717 -0.00357294 0.00268321 0.00449871 -0.00208892 0.00332934 -0.0121486 0.00545489 -0.00329014 0.00186729 0.00294137 0.00385643 0.0100311 0.0126013 -0.000795791 -0.0035842 -0.0110651 0.00428773 0.00247325 0.002379 0.000814421 -0.00648463 -0.00597319 0.00621127 -0.00583273 -0.00570565 0.00362851 0.00193541 -0.000931366 0.0115134 -0.00360912 0.00754006 -0.00617583 -0.00582353 0.00355615 0.00545423 0.00296339 0.00366327 -0.0058347 -0.00404555 -0.00367322 0.0058227 0.0105612
-0.000456361 -0.00156532 -0.00245706 -0.000337309 0.00150192 -0.00141058 0.00115662 0.00381274 -0.00181103 0.00150571 -0.0012642 -0.00249978 0.000513131 -0.00153319 0.000159452 -0.00112882 -0.00148553 0.00167103 0.000374604 0.000962067 0.00168494 -0.00195394 -0.00316802 -0.00165574 0.000243615 0.00149422 0.00161315 0.00195843 -0.000280016 6.16482e-05 -0.000504566 0.000258112 0.000334226 0.00333204 0.0022821 -0.0019862 0.00130383 -0.00338123 -0.000326081 -0.00015931 0.00072446 0.00173233 0.000159113 0.00143041 0.00299817 0.000279934 -0.000320875 -0.0038555 -0.000730294 0.00110324
-0.000763555 -0.0010987 -0.00213537 0.00167427 0.00104131 -0.00112403 -0.00188734 0.00287273 -0.00169322 0.00133294 -0.00559752 -0.00209187 0.000506318 -0.00292705 0.000957149 -0.00100264 -0.000404155 0.00138791 0.000567143 -0.00197718 0.0029386 -0.00130555 -0.00284205 0.00314366 0.000721452 0.001018 0.00118561 0.001315 -0.0013082 -0.00128738 -0.00294344 -0.00177362 -0.00167613 0.00282349 0.00478497 -0.00139739 0.0026056 -0.00279831 0.00108995 -0.00179222 0.00406383 0.00162447 0.00095696 0.00137482 0.00292369 -0.00176836 -0.000690117 -0.00252359 -0.00282479 -0.00191204
-0.00234696 -0.00145298 -0.00237245 6.22371e-05 0.00132115 -0.00149718 0.00240478 0.00297701 -0.0019489 0.00151681 0.003418 -0.00242986 0.00200647 -0.000734126 0.000292972 -0.00201716 -0.00154036 0.00157764 0.0021884 0.00246272 -0.000733687 -0.00193954 -0.00281031 -0.0042215 0.00237993 0.00148303 0.00140408 0.00194757 -0.00184725 -0.00197831 0.000671852 -0.000116978 -9.59393e-05 0.00286846 -2.75761e-05 -0.00200091 0.0013363 -0.00279425 -0.00206711 0.000503315 -0.001617 0.00205754 0.000292849 0.00161816 0.00305731 -5.78064e-05 -0.00230631 -0.00237134 0.000347311 0.00266149
-0.00188246 -0.00211653 -0.00358473 -0.000108347 0.00195462 -0.00197635 -0.00460966 0.00357571 -0.00208875 0.00179281 -0.00729646 -0.00228313 0.00193793 0.000593712 -0.000465353 -0.00232974 -0.00168395 0.00193521 0.00174289 -0.00486542 -0.00394614 -0.00154607 -0.00294147 0.00456923 0.00157009 0.00218693 0.00193859 0.00155135 0.000228577 0.000172105 -0.00603757 9.56559e-05 0.000115899 0.00313813 0.00513238 -0.00160316 -0.000898664 -0.00316254 -0.00419621 0.000465402 0.00697032 0.00203098 -0.000465972 0.00162608 0.00284657 0.000154207 -0.00169934 -0.00348829 -0.00605773 -0.00473848
-0.00152787 -0.00185154 -0.00570395 -0.00268437 0.00172269 -0.00173261 -0.0145233 0.00534951 -0.00195002 0.00164426 -0.0147647 -0.00450562 0.00166561 0.00744774 -0.00322431 -0.0021992 -0.00453628 0.00178918 0.00122067 -0.0146392 -0.0134255 -0.0041568 -0.00472698 0.0141113 0.000959577 0.00190148 0.0017519 0.00416054 0.00305541 0.00264299 -0.0154515 0.00265023 0.00269243 0.00495506 0.0101689 -0.00417351 -0.00648367 -0.00493146 -0.0146645 0.00288273 0.0157496 0.00221273 -0.00322479 0.00150803 0.00477478 0.00269242 -0.00123147 -0.00475167 -0.0157323 -0.0144976
-0.00368572 -0.00436362 -0.00045065 0.00201225 0.00405543 -0.0032251 0.0246549 0.00428129 -0.00335578 0.00270892 0.0293181 -0.00305227 0.00454516 -0.00817323 0.0118851 -0.00395692 -0.000887358 0.00392078 0.00445855 0.0247489 0.0158607 -0.0019998 -0.00233562 -0.0308698 0.00337259 0.0045302 0.00381718 0.00200673 -0.00778328 -0.00509863 0.0198423 -0.00240714 -0.00204524 0.00359005 -0.0124591 -0.00197203 0.00619741 -0.00359583 0.00624827 -0.00597333 -0.0232524 0.00324709 0.0118838 0.00263154 0.00235339 -0.002398 -0.00346702 -0.00429361 0.0189506 0.0248196
-0.00281994 -0.00267057 0.000894263 0.00242856 0.00247662 -0.00257656 0.00876018 0.000955969 -0.00246195 0.00219693 0.00712311 0.000649162 0.00275008 -0.00642122 0.00637109 -0.00296236 0.00116646 0.00222686 0.00275845 0.00866898 0.00941546 0.00117469 -0.000235786 -0.00910875 0.00271138 0.00275652 0.00234847 -0.00117086 -0.00456056 -0.00371923 0.00717337 -0.00251946 -0.00243294 0.000323381 -0.00364067 0.00113893 0.00600778 -0.000422464 0.00741994 -0.00304998 -0.00692188 0.00202047 0.00637057 0.00192576 -6.08927e-05 -0.00250825 -0.00273331 -0.0017472 0.00694075 0.00885553
0.00137348 -0.00149973 -0.01182 -0.00588252 0.00146982 -0.00132181 -0.0244384 0.00804167 -0.00170358 0.00145019 -0.0314277 -0.00751885 -0.00096745 0.0154808 -0.0106719 -0.000587736 -0.00950886 0.00160813 -0.00172583 -0.0249429 -0.0187997 -0.00699102 -0.00760585 0.0273832 -0.00214379 0.00139236 0.00160466 0.00699515 0.00814635 0.00683476 -0.0252429 0.0058125 0.00587232 0.00786898 0.0201294 -0.00702984 -0.0156478 -0.00780645 -0.0206446 0.0074183 0.0283069 0.00203179 -0.0106728 0.00134515 0.00776005 0.00581362 0.00174654 -0.00692958 -0.025012 -0.0246993
0.0016974 -0.000554508 -0.0072225 -0.00552903 0.000662748 -0.000452283 -0.0156969 0.00688687 -0.00157823 0.00102442 -0.0183656 -0.00807702 -0.00167001 0.00620045 -0.00654544 0.00060383 -0.00934677 0.00129841 -0.00190066 -0.0161185 -0.0111518 -0.0089583 -0.00681657 0.0160433 -0.0019632 0.000281902 0.000936294 0.00896248 0.00397858 0.00366658 -0.016708 0.00539815 0.00548228 0.00705826 0.00845045 -0.00885369 -0.00626437 -0.00686467 -0.0135943 0.00572896 0.0180094 0.00216016 -0.00654583 0.00140472 0.00746504 0.00540712 0.00186274 -0.00522356 -0.01739 -0.0156558
-0.0116849 -0.00787481 0.0127069 0.0131872 0.0072274 -0.00722841 0.0776927 -0.0019751 -0.00689695 0.0059096 0.0795193 0.0054666 0.0113865 -0.0346212 0.0313054 -0.00982068 0.0126382 0.00655899 0.0121775 0.0775858 0.0699271 0.00685525 0.00414923 -0.0826657 0.0119854 0.00827763 0.00661628 -0.00684094 -0.025144 -0.0203511 0.0715892 -0.0141092 -0.0132754 -0.003448 -0.044489 0.00680562 0.0312772 0.00326785 0.0496627 -0.0226581 -0.0743512 0.00567225 0.0313043 0.00545346 -0.00461228 -0.0141911 -0.011678 -0.000120003 0.0704673 0.0780004
-0.00255246 -0.00178586 -0.00114163 0.00288287 0.00164639 -0.00188575 0.0204892 0.00222659 -0.0024084 0.00188107 0.0190094 -0.00149382 0.00212534 -0.00675278 0.00308282 -0.00236877 -0.00106343 0.00193815 0.00223496 0.020324 0.0210182 -0.00153545 -0.00193456 -0.0220834 0.00247375 0.00182876 0.00164034 0.00154309 -0.00233336 -0.00220729 0.0177717 -0.00292575 -0.00285193 0.00189581 -0.00782282 -0.00152807 0.00602135 -0.00188583 0.0128563 -0.00278324 -0.0180532 0.00241544 0.00308233 0.00197705 0.00199016 -0.00285776 -0.00244507 -0.00207584 0.0177899 0.02051
-0.000352318 -0.00189972 -0.00455985 -0.00268035 0.00178522 -0.00149173 -0.0116113 0.00456463 -0.00159546 0.00134999 -0.0118409 -0.0039903 0.000827591 0.00658502 -9.91316e-05 -0.00134716 -0.00405611 0.00174598 0.00046073 -0.0116216 -0.0133853 -0.00349554 -0.003781 0.0104861 -6.36469e-05 0.00193832 0.0017839 0.00349798 0.00124622 0.00161709 -0.0129995 0.00266753 0.00267191 0.00426671 0.0087212 -0.00349989 -0.00489184 -0.00424771 -0.0146093 0.00271212 0.0124746 0.00168107 -9.97666e-05 0.00123383 0.00383237 0.00270982 -0.000140921 -0.00416147 -0.013321 -0.0115487
-0.00527156 -0.00349908 -0.00311836 0.0070169 0.00316244 -0.00331885 0.00545866 0.00451571 -0.00421655 0.00325015 -0.00157749 -0.00208499 0.00471582 -0.00976465 0.00558284 -0.00455552 0.00115093 0.00372427 0.00512433 0.00476779 0.0099542 -0.000387745 -0.00366102 -0.00488669 0.00529375 0.00362887 0.00316506 0.000408071 -0.00552256 -0.00535049 0.00127781 -0.00702537 -0.00699034 0.00392774 0.00662381 -0.000539097 0.00906697 -0.00393505 0.00357685 -0.00617658 0.000104002 0.00414878 0.00558165 0.00342456 0.00365347 -0.00699 -0.00513591 -0.00429369 0.00140462 0.00515368
-0.00379923 -0.00378013 -0.00614908 0.00527602 0.00352792 -0.00395663 -0.00640287 0.00695437 -0.00513767 0.00405468 -0.0186115 -0.00431805 0.00302675 -0.00901843 0.00760965 -0.00429734 -0.0039178 0.00416076 0.00301944 -0.00756437 0.0104985 -0.00377534 -0.00613234 0.00897395 0.0034319 0.00373915 0.00354598 0.003793 -0.00352235 -0.00332618 -0.0113255 -0.00525039 -0.00520007 0.00600254 0.0143433 -0.00382307 0.00862493 -0.00606818 0.00622244 -0.00403048 0.0158209 0.00511205 0.00760772 0.00420208 0.00594165 -0.00519861 -0.00348102 -0.0068955 -0.0113349 -0.00682761
0.00097533 -0.000660253 -0.00831576 -0.000291856 0.000739522 -0.000750756 -0.0273992 0.00650747 -0.00228404 0.00158906 -0.0316195 -0.00631982 -0.00139032 0.00455202 -0.00435575 0.000183088 -0.00770038 0.00173532 -0.00139943 -0.0280054 -0.0155079 -0.00619843 -0.00659446 0.0276457 -0.0011108 0.000349483 0.00118516 0.00621045 0.00395112 0.00270811 -0.0291897 0.000381685 0.000345018 0.00654758 0.0200478 -0.0062214 -0.00418578 -0.00644114 -0.0143792 0.00331785 0.0306847 0.00256881 -0.00435623 0.00194597 0.00695324 0.000584964 0.00112418 -0.00535176 -0.029814 -0.0273562
-0.00376572 -0.00259914 -0.00565267 0.000258717 0.00232072 -0.0031061 -0.00346459 0.00600827 -0.00380897 0.00300808 -0.00784854 -0.00457964 0.00282767 -0.00495193 0.0030562 -0.00380992 -0.00265693 0.00272006 0.00291093 -0.00356183 -0.00501467 -0.00432922 -0.00590214 0.00213997 0.00358333 0.00271161 0.00234011 0.00434262 -0.00293524 -0.00305576 -0.00810666 -0.000314935 -0.000281576 0.0055546 0.00560025 -0.00440243 0.00438334 -0.00548767 -0.00654594 -8.9202e-05 0.00807787 0.0040614 0.003055 0.00320841 0.00611834 -0.000253372 -0.00358058 -0.00514823 -0.00837393 -0.00310615
-0.0119113 -0.00733621 0.00542746 0.0100958 0.00668841 -0.00766602 0.0962453 0.00164545 -0.00791648 0.00659646 0.0983734 0.00012276 0.0105936 -0.0311037 0.0235883 -0.0103602 0.00756995 0.00646321 0.0111614 0.0963691 0.0858646 0.000328781 -0.000994793 -0.104377 0.0119168 0.00771302 0.0061574 -0.000307415 -0.0199453 -0.0168731 0.0864322 -0.010927 -0.0101745 0.000876776 -0.0500906 0.000286277 0.0272302 -0.000802525 0.0580932 -0.0181902 -0.0903299 0.00733388 0.0235868 0.0065029 0.00134408 -0.0109946 -0.0117326 -0.00170777 0.0852762 0.0971613
