0.00616469 -0.00436232 0.00147298 -0.00166737 0.0054958 -0.0174776 0.00567203 -0.00398973 0.00142343 -0.00826567 -0.00517977 0.00621443 -0.009393 -0.0171266 0.015054 0.00679923 0.0057894 0.00743266 -0.00193411 -0.00777123 -0.00544379 -0.00550263 -0.00616428 -0.00692451 0.00654434 -0.00843505 0.00605103 -0.00549358 -0.00172634 -0.00947282 0.00551428 0.00622294 0.00871716 0.00589749 0.00155717 0.00525009 -0.0164536 -0.0154024 -0.00392777 -0.00550239 0.000791406 0.0055162 -0.00894847 -0.00615115 -0.0155837 0.00134387 0.0157174 -0.00849724 -0.00247349 0.00911004
-0.00318349 0.00289689 0.00234473 0.00185858 -0.00236632 -0.00725461 -0.00230489 0.0023815 0.00273132 0.000252453 -0.00300673 -0.00322976 -0.0013891 -0.00579483 0.00306758 0.00208564 -0.00173604 0.0015951 0.00313389 -0.00119771 0.00235071 0.00236324 0.0015088 -0.00249021 -0.00126429 -0.00149262 -0.00329947 0.00235451 0.00263408 -0.00333668 -0.00235208 -0.00306104 0.000946892 -0.001797 0.0020997 -0.00237024 -0.00566422 -0.00318148 0.00260623 0.00236166 0.0018504 -0.00235047 0.000242273 0.00319428 -0.00363738 0.00292497 0.00321953 -0.000704471 -0.00209987 0.000844519
-0.000308691 0.00104307 0.00141058 0.000331091 -0.00150123 -0.00444159 -0.00170393 0.0016371 0.00166436 0.000439718 -0.00154632 -0.00038102 -4.96906e-05 -0.00339148 0.0024136 0.000606277 -0.00139523 0.000276949 0.00183934 -4.39897e-05 0.00149113 0.00150034 0.00129256 -0.00086171 -0.00117483 -0.00124326 -5.04104e-05 0.00149186 0.00146565 -0.00185373 -0.00148895 -0.000362653 -3.46522e-05 -0.00137597 0.00122992 -0.0015159 -0.00333281 -0.00170484 0.00175273 0.00149719 0.00116758 -0.00148756 0.000609693 0.000277793 -0.00260318 0.000898485 0.00177668 0.000141092 -0.00113219 -6.50442e-05
-0.00929622 0.0092487 0.00294925 0.00550983 -0.00398482 0.0157147 -0.00375802 0.00445753 0.00354744 0.00188279 -0.00179944 -0.00920743 0.00418284 0.0169431 -0.0173852 -0.000238486 -0.0076612 -0.000712029 0.00489285 0.00123616 0.00401711 0.00402641 0.00768125 -0.000162679 -0.00787699 0.0104641 -0.00930247 0.00400397 0.00416297 0.00657014 -0.00400491 -0.00924474 -0.00108871 -0.00782986 0.00258863 -0.00401358 0.0154061 0.0189182 0.0040849 0.00399131 0.0026835 -0.00400722 0.0020258 0.00931103 0.0170944 0.00322069 -0.0186988 0.00129494 -0.00214685 -0.00110923
-0.00919122 0.00856162 0.00474155 0.0052548 -0.00527212 -0.0155127 -0.00432665 0.0029715 0.00543105 -0.00201495 -0.00719235 -0.00923452 -0.004483 -0.0105507 -0.00354952 0.00580925 -0.00843953 0.00498792 0.00352739 -0.00430825 0.00514696 0.00527451 0.00793086 -0.0064539 -0.00761469 0.0115264 -0.00934062 0.0052441 0.00330694 -0.00525978 -0.00527631 -0.00895164 0.00406247 -0.00913848 0.0042272 -0.00483938 -0.0085086 -0.00546404 0.00341567 0.00527449 0.00361227 -0.00527645 -0.00248279 0.00919463 -0.00236704 0.00780655 0.00787877 -0.00351442 -0.00453866 0.00401221
0.0153486 -0.0123193 0.00181235 -0.00568687 0.00585761 -0.0268894 0.00734851 -0.0060133 0.00219383 -0.00708397 -0.00674311 0.0154895 -0.0144372 -0.0251418 0.0199231 0.00769992 0.00929758 0.00767071 -0.00451909 -0.00734039 -0.00586069 -0.00586533 -0.00993552 -0.00794861 0.0106866 -0.0204781 0.0154228 -0.00586573 -0.00129943 -0.0195772 0.0058707 0.0154901 0.00736159 0.00950477 0.00158002 0.0058165 -0.0236768 -0.0246256 -0.0055753 -0.00586198 0.00154767 0.00587216 -0.009179 -0.0153844 -0.0218158 0.000240639 0.0272194 -0.00723491 -0.00250654 0.00725403
-0.000917435 0.00200622 0.0028615 0.00141567 -0.000339692 -0.00539996 -0.000796928 0.000766871 0.00328731 -0.00275719 -0.00416844 -0.000287789 -0.00445922 -0.003339 0.00131942 0.00382222 -0.00113769 0.00374456 0.00150111 -0.00350277 0.000308889 0.00031603 0.000799056 -0.00416755 -0.000477105 -0.00160882 -0.00221358 0.000314629 0.00184004 -0.00388896 -0.000308471 -0.000385959 0.00393501 -0.00101155 0.00259489 -0.000360069 -0.00401796 0.000850596 0.000990192 0.000329462 0.00235551 -0.000304931 -0.00290953 0.00105675 -0.00215088 0.00335383 -0.00230976 -0.00367303 -0.00282204 0.00407423
-0.00790703 0.0112428 0.00436385 0.00582414 -0.00216138 0.0189796 -0.00617092 0.00456327 0.00511955 -0.000334941 -0.00485487 -0.00632054 0.00182196 0.0208507 -0.0166897 0.00338109 -0.0115209 0.00311059 0.00270222 -0.00174136 0.00209496 0.00211156 0.0115832 -0.00391036 -0.0118713 0.00554799 -0.00818355 0.00210178 0.00466771 0.00237477 -0.00208422 -0.00736715 0.00318864 -0.0108109 0.0039577 -0.00224499 0.0162063 0.0271594 0.00408087 0.00213602 0.00402747 -0.00207549 0.00152039 0.00800762 0.0171113 0.00656673 -0.0318804 -0.00291891 -0.00390275 0.00331656
-0.0051788 0.00530302 0.00308158 0.00446358 -0.00247431 0.00918856 -0.0036302 0.00265682 0.00355529 -0.000853972 -0.00358405 -0.00464227 -0.00140697 0.0112697 -0.0145258 0.00299979 -0.00426919 0.00281071 0.00245046 -0.00238442 0.00239892 0.00243357 0.00392543 -0.00329997 -0.00361595 0.0100949 -0.00627424 0.00242877 0.00260667 0.000799213 -0.00242594 -0.00472312 0.00268539 -0.00423382 0.00277362 -0.00241374 0.0102665 0.0157558 0.00295975 0.00245867 0.00255939 -0.00242039 -0.000400067 0.00530198 0.0131942 0.00559501 -0.0165392 -0.00238682 -0.00279833 0.00273108
-0.00465208 0.00548595 0.00312784 0.00322202 -0.00024271 -0.00957533 -0.00021712 0.00155414 0.00359324 -0.00240791 -0.00522969 -0.0049387 -0.00279719 -0.00728856 0.00559956 0.00528989 -0.00314229 0.0049816 0.00369153 -0.0048728 0.000299184 0.000271197 0.00303516 -0.00575912 -0.00306122 -0.00360422 -0.0051425 0.000259003 0.00306799 -0.00423217 -0.000247308 -0.00441746 0.00431389 -0.00377326 0.00287828 -0.000412777 -0.00843592 -0.00186391 0.00124134 0.000243817 0.00232885 -0.000247961 -0.00175147 0.00466426 -0.00511992 0.00514496 0.00144933 -0.00391022 -0.00325166 0.00416885
0.00025233 0.000398575 0.00194329 -0.000391645 0.000458609 -0.013378 0.000649484 -0.000972268 0.00207395 -0.00397654 -0.00438175 0.000229774 -0.00463409 -0.0114529 0.00817999 0.00483228 7.47993e-05 0.00482454 -0.000109301 -0.004652 -0.000475879 -0.000435025 -0.000126993 -0.00503148 0.00014384 -0.0053711 0.000245227 -0.000459549 -0.000135142 -0.00673765 0.000452839 0.000319886 0.00493994 4.20505e-05 0.00182845 0.000538813 -0.0113345 -0.00835278 -0.000804377 -0.000456541 0.00126686 0.000452243 -0.0037436 -0.000259149 -0.00896718 0.00251882 0.00909286 -0.00466727 -0.00234008 0.00503932
0.000396112 -9.96799e-05 0.002183 0.000542306 0.000129871 -0.00700503 0.000465447 -0.000178043 0.00265585 -0.00117839 -0.00358057 0.000601725 -0.00289635 -0.00568151 0.0037897 0.00302971 0.000445572 0.00265967 0.000608947 -0.00211622 -0.000120303 -0.00010195 -0.000456885 -0.00335823 0.000465135 -0.00372323 0.000491511 -0.00012287 0.00193196 -0.003778 0.000121563 0.000532358 0.00199579 0.000594324 0.00187582 0.000130567 -0.00584903 -0.00424864 -0.000193189 -0.00012716 0.00196093 0.000120618 -0.00128178 -0.000395584 -0.00454343 0.00153064 0.00425786 -0.00184339 -0.00202398 0.0018298
-0.00129855 0.00210164 0.00179661 0.000937918 -4.15881e-05 0.000465438 0.000443603 0.00140609 0.0020447 -0.000922099 -0.0024582 -0.00144303 -0.000778685 0.000849141 0.000533255 0.00270706 -0.000544668 0.00263841 0.00285842 -0.00236244 0.000121055 7.47341e-05 0.000400238 -0.00290648 -0.000296369 -0.0024769 -0.00118451 6.43186e-05 0.00220308 -0.002765 -4.77049e-05 -0.00131642 0.00224086 -0.000601051 0.00167702 -0.000281882 0.000255116 0.00313175 0.00118707 4.30271e-05 0.00134237 -4.85845e-05 -0.00107317 0.00128459 0.000638 0.0017529 -0.00454701 -0.00200671 -0.00180055 0.0021038
-0.0283376 0.0248461 0.00653717 0.0171529 -0.0155226 0.0695017 -0.0172961 0.0155349 0.00792535 0.0114738 0.0001113 -0.027398 0.0148742 0.0723655 -0.0722327 -0.00430243 -0.0188642 -0.00552122 0.0144707 0.00677503 0.0154424 0.0155047 0.0187817 0.0036805 -0.0188051 0.0580766 -0.0312282 0.0154794 0.0110906 0.0265417 -0.0154805 -0.0273087 -0.00733003 -0.0190309 0.00560884 -0.0154211 0.0689573 0.0767577 0.0157313 0.0155091 0.00600419 -0.0154756 0.0134707 0.0286719 0.0715341 0.00910713 -0.0785871 0.00786805 -0.00382141 -0.00769345
-0.0098503 0.00844801 0.00422331 0.00473768 -0.00701474 -0.00131341 -0.00623738 0.00585416 0.00478619 0.0025764 -0.00451449 -0.00975125 -0.000450554 0.00226339 -0.00728961 0.00375145 -0.00618043 0.00299408 0.00642448 -0.001679 0.00697241 0.00702026 0.00587931 -0.00420131 -0.00559623 0.00682021 -0.00999778 0.00700525 0.00519809 -0.000749545 -0.00701612 -0.00960433 0.00143808 -0.00599301 0.00381375 -0.00686799 0.00140663 0.00636278 0.00631477 0.00701553 0.00317742 -0.00701616 0.00203334 0.009883 0.00517899 0.00551575 -0.00532179 -0.000888941 -0.0037595 0.00109089
-0.00445343 0.00587875 0.00257202 0.00174152 -0.00240884 0.00830484 -0.00327474 0.00424172 0.00296058 0.00159821 -0.00270844 -0.00428292 0.00310099 0.00874084 -0.00612453 0.00291612 -0.00468074 0.00266001 0.00455711 -0.00192544 0.00246224 0.00241562 0.0046015 -0.00309312 -0.00457795 0.00166078 -0.00484284 0.00240949 0.00322868 0.00268493 -0.00238698 -0.00430929 0.00159553 -0.0046784 0.00232877 -0.00267228 0.00690916 0.0108179 0.00403001 0.0024011 0.0019771 -0.00238469 0.00247158 0.00449376 0.00711441 0.00148649 -0.0120709 -0.00124725 -0.00230261 0.00125278
0.000866048 -0.000675206 0.000963206 0.000106251 0.00244034 -0.0132664 0.00203104 -0.00163159 0.001084 -0.0033308 -0.00265696 0.00073433 -0.0027665 -0.0124375 0.00998928 0.00307434 0.00171922 0.00322062 -0.000727068 -0.00340656 -0.00242729 -0.00243903 -0.00178568 -0.00320056 0.00183512 -0.00630839 0.000812744 -0.00244436 -6.44905e-05 -0.00562266 0.0024531 0.000880186 0.00349718 0.00160658 0.00090346 0.00234653 -0.0112281 -0.0110192 -0.00171635 -0.00244472 0.00070054 0.00245448 -0.00290348 -0.000866621 -0.0103597 0.00162849 0.0113327 -0.00340149 -0.00126174 0.00357667
0.00218014 -0.000988957 0.00132748 -0.000327408 0.00144601 -0.01295 0.00112593 -0.00127014 0.00150164 -0.0026924 -0.00335762 0.00226868 -0.00359535 -0.011346 0.00734083 0.00412161 0.000674488 0.00413804 -0.000717607 -0.00398935 -0.00145148 -0.00143647 -0.000680782 -0.00420626 0.000669157 -0.00473813 0.00215932 -0.00145079 0.000147948 -0.00489502 0.00145214 0.0022932 0.00382971 0.000577009 0.00119504 0.00144 -0.0108997 -0.0100427 -0.00126841 -0.00144802 0.000949631 0.00145284 -0.00214414 -0.00218811 -0.00873694 0.00164098 0.0120394 -0.00364978 -0.00161813 0.00372008
-0.043182 0.0406836 0.00727608 0.0250026 -0.0178267 0.0951508 -0.0263256 0.0202285 0.00890581 0.0127509 -0.000938424 -0.0427966 0.0250396 0.097726 -0.0967291 -0.00550817 -0.0362132 -0.00716763 0.0158433 0.00789461 0.0175583 0.0176812 0.0363613 0.00445457 -0.0369749 0.0701498 -0.0462714 0.0176668 0.0125333 0.0374488 -0.0176584 -0.0422143 -0.00860192 -0.0373838 0.00627067 -0.0175969 0.0925794 0.105819 0.0197432 0.0177724 0.00675469 -0.0176391 0.0198342 0.0434702 0.096459 0.0146519 -0.110629 0.00914026 -0.00439665 -0.00867739
-0.000833301 0.00322543 0.00348378 0.00305728 -0.000305477 -0.0042736 0.000256063 0.00201828 0.00396352 -0.00244824 -0.00421253 -0.000437657 -0.00372732 -0.00241437 0.000784624 0.00391684 -0.000900671 0.00398315 0.00444001 -0.00359261 0.000406919 0.000336981 0.000735524 -0.00432121 -0.000622469 -0.00209538 -0.00124199 0.000335561 0.00384722 -0.00462758 -0.000315182 -0.000562521 0.00430392 -0.000637673 0.00327692 -0.00060484 -0.00340726 0.0024866 0.00180577 0.00030795 0.00285192 -0.000316516 -0.00310584 0.000889056 -0.000862011 0.00397664 -0.00312799 -0.00394982 -0.00343362 0.00444724
0.00469753 -0.00176297 0.00194973 -0.00148543 0.00269982 -0.0132662 0.00262465 -0.0018941 0.00233418 -0.00339389 -0.00428124 0.00491559 -0.00452059 -0.01269 0.0129805 0.00413451 0.000251954 0.00404743 -0.00132792 -0.00353444 -0.00266599 -0.00267666 -0.000226773 -0.00440864 0.00011287 -0.0139512 0.0057769 -0.0026874 0.000695247 -0.009002 0.00269235 0.00457594 0.00397299 0.000549402 0.00173101 0.00261621 -0.0133596 -0.0109687 -0.00221839 -0.00269757 0.00179531 0.00269143 -0.00365363 -0.00479937 -0.0130438 0.00115883 0.0101764 -0.00387732 -0.00210283 0.00396646
-0.012143 0.00996894 0.00335199 0.00572973 -0.00574843 0.00408952 -0.00621685 0.00596595 0.00371447 0.0025011 -0.00375834 -0.0121161 0.0023314 0.0067423 -0.0101108 0.00346001 -0.00600549 0.00285979 0.00617329 -0.00189297 0.00572361 0.00572516 0.0057328 -0.00381873 -0.00547577 0.0112715 -0.0124829 0.00572652 0.00382664 0.00479773 -0.00572022 -0.0119207 0.00153042 -0.00600632 0.00309622 -0.00577629 0.00618119 0.0117633 0.00628182 0.00573917 0.00229825 -0.00571702 0.00291818 0.0122055 0.00911467 0.00546142 -0.0115593 -0.00102813 -0.00308382 0.00122909
0.000473841 -0.000381328 0.00132459 -0.000936413 0.000864377 -0.0150751 0.000652845 -0.00143939 0.00135296 -0.00360274 -0.0037807 0.000758383 -0.00393427 -0.014268 0.0119361 0.00434438 0.000410205 0.0043815 -0.00160244 -0.00411838 -0.000914817 -0.000871192 -0.000572522 -0.00442205 0.00071819 -0.00259535 0.000301197 -0.000884489 -0.00126735 -0.00320751 0.000878352 0.000595963 0.00450807 0.000550161 0.00124488 0.000977353 -0.014064 -0.0126655 -0.00116303 -0.000868674 0.000772347 0.00088003 -0.00354177 -0.000439621 -0.0128137 0.00139949 0.0132678 -0.00432079 -0.00174096 0.00459336
-0.00638505 0.00515799 0.00220602 0.00414871 -0.00287987 0.0167566 -0.00281236 0.00203604 0.00245864 -0.000808281 -0.00225414 -0.0062682 -0.000125254 0.0184368 -0.0196159 0.00177854 -0.00321249 0.001598 0.00272914 -0.0014697 0.00283377 0.0028979 0.00313352 -0.00203943 -0.00309263 0.0113253 -0.00706403 0.00286874 0.00231946 0.00187554 -0.00287998 -0.00613882 0.00155611 -0.0033437 0.00199491 -0.0027261 0.0166524 0.021317 0.00226278 0.00288026 0.0016556 -0.00287987 -0.000299348 0.00646239 0.018768 0.00355691 -0.0225123 -0.00129095 -0.00201598 0.00162887
-0.00693767 0.00812603 0.0036108 0.00290752 -0.00641189 0.00509951 -0.00832283 0.00798237 0.00434024 0.00541526 -0.00112313 -0.00685951 0.00605483 0.00531984 -0.00554694 1.2363e-05 -0.00802618 -0.000439045 0.00712731 0.00134512 0.00639291 0.00636596 0.00778684 -0.00021771 -0.0075285 0.00262185 -0.00664216 0.00637117 0.00531889 0.00509313 -0.00634778 -0.0069729 -0.00164833 -0.00785492 0.00313459 -0.00660042 0.00491344 0.00592615 0.00815023 0.00639054 0.00321079 -0.00634063 0.00660375 0.00691714 0.00545992 0.00128514 -0.00660234 0.0020017 -0.00244808 -0.00199783
-0.0331499 0.0338604 0.0073736 0.0191701 -0.0135824 0.0700845 -0.0229472 0.0184672 0.00901852 0.0112762 -0.00167943 -0.0315909 0.021226 0.0725899 -0.0687802 -0.00360885 -0.030752 -0.00474995 0.0135692 0.00635877 0.0134005 0.0134166 0.0308552 0.00273357 -0.0313089 0.0423391 -0.0346699 0.0134255 0.0120922 0.0285071 -0.0133823 -0.0323262 -0.00575168 -0.0305791 0.0064596 -0.0137654 0.066725 0.0804685 0.0178055 0.0135167 0.00713623 -0.0133597 0.0173559 0.0333816 0.0693799 0.0121452 -0.0837154 0.00620025 -0.00476381 -0.00583041
-0.00232858 0.00211352 0.00265154 0.00302778 5.73398e-05 -0.00216711 -0.000450874 -0.00104268 0.00280414 -0.00600862 -0.00442005 -0.0026278 -0.00472264 -0.000953355 -0.00142648 0.00507201 -0.00113091 0.00545897 0.000963419 -0.00608874 -0.000148156 -6.04795e-05 0.000993557 -0.00532904 -0.0009097 0.00328773 -0.00297883 -8.7992e-05 0.00182503 -0.00347207 7.26247e-05 -0.00221255 0.00653031 -0.00154739 0.00242286 0.000298877 -0.00157484 0.00243476 -0.000704709 -6.17649e-05 0.00175928 7.45496e-05 -0.00486156 0.00236379 0.000796271 0.00228224 -0.00351579 -0.00616338 -0.0031018 0.00693377
0.00908996 -0.00730163 0.0011527 -0.000839453 0.00651362 -0.00702164 0.00709145 -0.00613436 0.00140822 -0.00749574 -0.00511457 0.00898752 -0.00896218 -0.00734318 0.00705417 0.00645312 0.00628219 0.00677003 -0.00401628 -0.00714317 -0.00649641 -0.00649202 -0.00644437 -0.00660919 0.00658312 -0.00699373 0.00886852 -0.00650615 -0.000646645 -0.00950524 0.00650777 0.00916679 0.00705191 0.00600423 0.000992869 0.00647874 -0.00752241 -0.00628287 -0.00626986 -0.00651179 0.000977716 0.00650708 -0.00774645 -0.00910141 -0.00706479 0.000850922 0.00499706 -0.00696541 -0.00190978 0.00707876
0.00139685 2.68014e-05 0.00297717 0.000916664 0.00354513 -0.0105212 0.00467935 -0.00224117 0.00359234 -0.00525567 -0.00592367 0.00219821 -0.00508122 -0.00833779 0.00677277 0.00518406 0.00192024 0.00497553 -0.00040371 -0.00443131 -0.00343474 -0.00344103 -0.00192081 -0.00563742 0.00180481 -0.00782663 0.000884383 -0.00349717 0.00123777 -0.00499826 0.00350754 0.00179314 0.00486767 0.00215542 0.00265867 0.00332521 -0.00802813 -0.00444155 -0.00277929 -0.00353338 0.00267294 0.00350309 -0.00563364 -0.00130217 -0.00705003 0.00295122 0.00570573 -0.00470702 -0.00301502 0.00485011
-0.00155547 0.00240458 0.00286432 0.0017907 -0.00213225 -0.0113989 -0.00142965 0.00189236 0.00324387 -0.00113709 -0.00250902 -0.00122782 -0.00309918 -0.00937716 0.00581507 0.00237142 -0.00163359 0.00241826 0.00314788 -0.00197224 0.00214242 0.00215693 0.001492 -0.00259058 -0.00136691 -0.00192571 -0.00120326 0.00214102 0.00319834 -0.00605442 -0.00214343 -0.00148492 0.00258389 -0.00132253 0.00262944 -0.00212207 -0.00887679 -0.00582801 0.00204091 0.00213592 0.00237558 -0.00214469 -0.00176149 0.00154968 -0.00665511 0.00350126 0.00582175 -0.00229409 -0.00258951 0.00267436
-0.00496408 0.00689317 0.00331045 0.00448362 -0.0027581 0.00605976 -0.00264969 0.00276715 0.00396429 -0.000823282 -0.00320602 -0.00531691 0.000438002 0.00568943 -0.00522414 0.00158008 -0.00739993 0.00124018 0.0043094 -0.00132908 0.0027565 0.00279826 0.00742197 -0.00206668 -0.00764981 0.00340796 -0.00517822 0.0027694 0.00434703 6.26761e-05 -0.00277885 -0.00491878 0.00116404 -0.00808405 0.00290217 -0.00267192 0.00479066 0.00981145 0.00243097 0.00276507 0.00288818 -0.00278115 -6.3482e-05 0.00493066 0.00597143 0.00354628 -0.0131797 -0.000882676 -0.00278944 0.0012483
0.00437308 -0.00352982 0.00198793 -0.00189845 0.00041087 -0.0307544 0.00328081 -0.00227844 0.00196773 -0.00611278 -0.00526401 0.00416769 -0.00803154 -0.0295294 0.0216721 0.00639321 0.00376173 0.00642769 -0.000143441 -0.00635049 -0.00038843 -0.000304401 -0.00405195 -0.00649156 0.00435577 -0.00416565 0.00420209 -0.000375456 -0.0012676 -0.008242 0.000357679 0.00438568 0.00635353 0.00361391 0.00191447 0.000546094 -0.0275106 -0.0271183 -0.00180594 -0.000393211 0.00090367 0.000351725 -0.00704692 -0.00437681 -0.0250654 0.00202118 0.0273002 -0.005953 -0.00260786 0.00636547
-0.0284636 0.0285099 0.0073326 0.0201844 -0.0104505 0.0835591 -0.0183811 0.0145251 0.0087539 0.0058847 -0.00291704 -0.0278194 0.013723 0.0875459 -0.0825847 0.000532199 -0.0234102 0.000173607 0.0127956 0.000246038 0.0102858 0.0103003 0.0233821 -0.00119035 -0.023601 0.0514446 -0.03133 0.0103096 0.0112589 0.0185082 -0.0102714 -0.027466 -0.000143878 -0.0238415 0.00654893 -0.0106078 0.0806297 0.10077 0.0142339 0.0103917 0.00660938 -0.0102511 0.0118383 0.0287464 0.0852526 0.0157134 -0.106057 0.00080893 -0.00550425 -0.000106348
0.00198323 -0.000131349 0.00177309 -0.0002902 -0.000878742 -0.0054005 -0.000790059 0.00107207 0.00212836 -9.68003e-05 -0.00255529 0.00204466 -0.00127611 -0.00431466 0.00232057 0.00182273 -0.000951509 0.00142146 0.00159136 -0.00101042 0.000889692 0.000899591 0.000903756 -0.00211998 -0.000854349 -0.00278466 0.00204261 0.000881354 0.00175466 -0.0029572 -0.000878661 0.00202729 0.000783358 -0.000935757 0.00152984 -0.000915506 -0.0044386 -0.00295999 0.00108471 0.00087863 0.00150796 -0.00087868 3.66526e-05 -0.00200503 -0.00310646 0.00059196 0.00384498 -0.000638246 -0.00155247 0.000636029
0.0112739 -0.00907322 0.00167616 -0.00438574 0.0053384 -0.0282427 0.00647473 -0.00495627 0.00177538 -0.00778091 -0.00639424 0.0114696 -0.0122836 -0.0271885 0.0197254 0.00800327 0.00821731 0.00831088 -0.00339048 -0.00817443 -0.00532277 -0.00535113 -0.00885675 -0.00812094 0.00958678 -0.0114228 0.0113033 -0.0053456 -0.00218574 -0.0147765 0.00535793 0.0113372 0.00865634 0.008478 0.00162279 0.00521001 -0.0247451 -0.0257125 -0.00451168 -0.00534506 0.00103344 0.00536006 -0.00950356 -0.0112749 -0.022891 0.00110593 0.0263203 -0.00842989 -0.00262069 0.00875178
0.00251465 -0.00101732 0.00142396 -0.00147449 0.00239393 -0.0316589 0.00169435 -0.00181015 0.0013412 -0.00434411 -0.00416481 0.00255636 -0.00452216 -0.0307685 0.0262501 0.0052393 0.000998883 0.00547233 -0.00120622 -0.00533956 -0.00240323 -0.00240391 -0.00107733 -0.00532451 0.00112527 -0.0129577 0.00282825 -0.00240679 -0.00059894 -0.00816324 0.00241276 0.00250002 0.00572984 0.00107831 0.00138127 0.00235065 -0.0291804 -0.029668 -0.00179589 -0.00240017 0.000618077 0.00241487 -0.00391102 -0.00254713 -0.0275051 0.00170647 0.0309059 -0.00551863 -0.00200628 0.00580703
-0.00882683 0.0107721 0.00445001 0.00703739 -0.00319691 0.0207583 -0.0072627 0.00616221 0.00543125 0.000875731 -0.0036631 -0.00860759 0.00292677 0.0218529 -0.0180047 0.00108414 -0.0100602 0.000754257 0.00558472 -0.000669453 0.00312092 0.00309879 0.00970954 -0.00167804 -0.00947538 0.00496622 -0.00957922 0.00311383 0.0055315 0.00159289 -0.00308218 -0.00851468 0.000964189 -0.0103208 0.00394973 -0.00339598 0.0177632 0.0279112 0.00603695 0.00315903 0.00418603 -0.00306927 0.00315184 0.0088874 0.0195959 0.00653911 -0.031449 -0.000689953 -0.00352527 0.00115121
-0.000920147 0.00169171 0.00131588 0.0015289 0.000130887 -0.00367751 -3.85339e-05 0.000436401 0.00142387 -0.00174794 -0.00210862 -0.000840047 -0.00176727 -0.00234716 0.000350738 0.00233449 -0.000936245 0.00239013 0.00105494 -0.00227398 -0.000118613 -0.000119868 0.000842077 -0.00245937 -0.000788391 0.000433635 -0.000832222 -0.000131653 0.000970147 -0.00242478 0.000137534 -0.000858557 0.00247792 -0.000914991 0.00125143 6.38208e-05 -0.00245747 -0.000126358 0.000384087 -0.00013321 0.000918164 0.000138239 -0.00156115 0.000917895 -0.000858744 0.00255562 0.000584369 -0.0023111 -0.00142932 0.00251379
0.00593114 -0.00350034 0.00278135 -0.00187678 0.00138155 -0.0244566 0.00259327 -0.00171136 0.00315902 -0.00439666 -0.00579806 0.00629894 -0.00801976 -0.0226427 0.018704 0.00528866 0.00263937 0.00491265 0.000178147 -0.00435576 -0.00135192 -0.00131958 -0.00273177 -0.00581646 0.00282978 -0.0127041 0.00648488 -0.00135975 0.00154756 -0.0128289 0.00135562 0.00601142 0.00462508 0.0029523 0.00251593 0.00138474 -0.0212242 -0.0196045 -0.00163612 -0.00137308 0.00216231 0.00135268 -0.00515312 -0.00597384 -0.0195271 0.00269418 0.0193221 -0.00438851 -0.0030124 0.00462852
-0.00494596 0.00528803 0.00432021 0.00352448 -0.00198169 -0.0131879 -0.00251644 0.00378892 0.00525987 0.000440624 -0.00395851 -0.00413455 -0.000591387 -0.0107468 0.00590406 0.00260811 -0.00322501 0.00228404 0.00367512 -0.00110397 0.00201473 0.00198641 0.00285213 -0.00297985 -0.00250756 -0.00167937 -0.00442136 0.00196946 0.00416809 -0.00166486 -0.00194574 -0.00477053 0.00173026 -0.00253943 0.00382392 -0.0022329 -0.00920308 -0.00642736 0.00373477 0.00196939 0.0041134 -0.00194184 1.87649e-05 0.00497561 -0.00749759 0.0048768 0.00729473 -0.00146377 -0.00343248 0.00158333
0.00638808 -0.00296803 0.00205457 -0.00142592 0.00506285 -0.00965842 0.00496475 -0.00354293 0.00230819 -0.00666836 -0.00540859 0.00654928 -0.00747472 -0.00888932 0.0103239 0.0061079 0.00242442 0.00640508 -0.00163886 -0.00644768 -0.00500047 -0.00504105 -0.00246331 -0.00639182 0.00240352 -0.0131595 0.00649177 -0.00504518 0.000236009 -0.0113819 0.00505835 0.00645937 0.00705497 0.00243634 0.0019261 0.00487241 -0.0106618 -0.00618805 -0.00393383 -0.00506182 0.00163142 0.00505769 -0.00677404 -0.0064149 -0.0101254 0.00134987 0.00412481 -0.0068895 -0.00266329 0.00725391
-0.00235339 0.00382581 0.00306632 0.00281184 -0.00112948 0.0119686 -0.00127523 0.00283601 0.00356181 -0.000750309 -0.00342126 -0.00231761 7.00471e-06 0.0135714 -0.0125102 0.00323788 -0.00244505 0.00312608 0.00421032 -0.00262781 0.0011964 0.00116296 0.00228619 -0.0035329 -0.0021754 0.00533799 -0.00196249 0.00114046 0.00371336 -0.003378 -0.00112014 -0.00240815 0.00270686 -0.00234528 0.00280273 -0.00138892 0.0119659 0.0178408 0.00262996 0.00112583 0.00250133 -0.00111927 -0.000402784 0.00232766 0.0138042 0.00394487 -0.0181267 -0.00237737 -0.00281665 0.00257254
0.00278458 -0.00215727 0.00132885 -0.00103802 0.00188359 -0.0165512 0.00172468 -0.00117181 0.00152927 -0.00276652 -0.0033966 0.00280459 -0.00426764 -0.0150035 0.012789 0.00333096 0.00246212 0.00324989 -0.000641992 -0.00311832 -0.00188152 -0.00190401 -0.00275366 -0.00354468 0.00308097 -0.00832206 0.00288987 -0.00189743 -0.000283989 -0.00629561 0.00190906 0.00280671 0.00325354 0.00256795 0.00121741 0.00177661 -0.0141287 -0.0131325 -0.00102172 -0.00189214 0.00101347 0.00191188 -0.00313355 -0.0027912 -0.0131125 0.00147349 0.0140771 -0.0031485 -0.00153609 0.0032897
0.0102862 -0.00619795 0.00428788 -0.00278998 0.000531231 -0.0405074 0.00435081 9.79447e-05 0.00487446 -0.00414892 -0.00708039 0.00989475 -0.00957721 -0.0389977 0.0337175 0.005487 0.00595007 0.00485808 0.00439703 -0.00438128 -0.000368935 -0.000416988 -0.00652484 -0.00624125 0.00718858 -0.0170292 0.0110634 -0.000461837 0.00320911 -0.015854 0.000477969 0.0100984 0.0042194 0.00599851 0.00386061 0.000201333 -0.0381289 -0.0364951 0.000280089 -0.000514625 0.00315905 0.000471652 -0.00665676 -0.010395 -0.0351095 0.00122862 0.0380681 -0.00383081 -0.00412142 0.00412884
-0.0157635 0.0177202 0.00476433 0.00810037 -0.00952031 0.0256973 -0.0148873 0.012855 0.00585832 0.00908153 -0.000575438 -0.0152892 0.0137626 0.0257266 -0.0228552 -0.00210771 -0.0173693 -0.00286668 0.0101059 0.00401765 0.00944488 0.00942329 0.017325 0.00171978 -0.0173805 0.014887 -0.0164047 0.0094296 0.00808437 0.0149908 -0.00939178 -0.015468 -0.00433059 -0.0173062 0.004105 -0.00977502 0.0239012 0.0283234 0.0126534 0.0094778 0.0045057 -0.00937734 0.0128431 0.0158337 0.024006 0.00392557 -0.0309124 0.00470328 -0.00291484 -0.00471586
0.00647364 -0.00459846 0.00202086 -0.00139944 0.00268806 -0.0157858 0.002878 -0.00269938 0.00241269 -0.00399419 -0.00473001 0.00650083 -0.00594399 -0.0153449 0.0134973 0.00477922 0.00308244 0.00463695 -0.00123316 -0.00432242 -0.0026956 -0.00267333 -0.00315018 -0.005146 0.00323415 -0.0140363 0.00698974 -0.00268976 0.00154346 -0.0102539 0.00268783 0.00641837 0.00442184 0.00321529 0.00173882 0.0027135 -0.0148006 -0.0142176 -0.0026855 -0.00268793 0.00173628 0.00268783 -0.00415297 -0.00653403 -0.0140715 0.000453038 0.0139313 -0.00428833 -0.00230284 0.00437845
-0.00638862 0.00669283 0.00251243 0.00414487 -0.00245942 0.0064598 -0.00321168 0.00312094 0.00316631 0.00162599 -0.00227073 -0.00618219 0.00254198 0.00738358 -0.00867725 0.000284377 -0.00644411 -0.000261268 0.00254775 0.000750006 0.00244232 0.00245235 0.00633952 -0.000643171 -0.00637089 0.00772745 -0.00657068 0.00244604 0.00283566 0.00406793 -0.00244304 -0.00622929 -0.000877084 -0.00656893 0.00213287 -0.0024673 0.00684534 0.00941182 0.00288095 0.00245406 0.00247383 -0.00244118 0.00203198 0.00641267 0.00811241 0.00335462 -0.00947253 0.000989901 -0.00177782 -0.000984195
0.00584034 -0.00408385 0.00180766 -0.00186409 0.000857663 -0.00930057 0.00167076 -0.00113694 0.00221337 -0.0020274 -0.00394195 0.00586687 -0.00498412 -0.00781641 0.00642152 0.00323816 0.00242999 0.00278228 -0.000435192 -0.00240544 -0.000857666 -0.000842806 -0.00269223 -0.00358754 0.00300075 -0.00602947 0.00578093 -0.000857654 0.000525151 -0.00687664 0.000857649 0.00590042 0.00214643 0.00247459 0.00153568 0.000857906 -0.00776639 -0.00691811 -0.000908291 -0.000857658 0.00160638 0.000857647 -0.00275154 -0.00585615 -0.00675628 0.000394075 0.00791716 -0.00203306 -0.00177117 0.0020181
0.00219978 -0.00181091 0.00110862 -0.000513662 0.00155183 -0.00640561 0.00160574 -0.00138179 0.00136784 -0.00269206 -0.00264248 0.00208135 -0.00335528 -0.00593311 0.00393615 0.00244531 0.00162335 0.00237768 -0.00110254 -0.00248671 -0.00156585 -0.00154473 -0.00187704 -0.00255701 0.00213693 -0.00284033 0.0020539 -0.00156434 -0.000572789 -0.00452065 0.00156801 0.00225398 0.00231581 0.00146251 0.000946025 0.0015349 -0.00532893 -0.00478432 -0.00125333 -0.00155715 0.00095508 0.00156984 -0.00262731 -0.0021998 -0.00440532 0.00135366 0.00481013 -0.00224608 -0.00111579 0.00230217
-0.0027658 0.00217553 0.00158023 0.000887467 -0.00171298 -0.0038101 -0.00183086 0.00155851 0.00179458 0.000199651 -0.00254781 -0.00275452 -0.000282101 -0.00271078 -0.00168338 0.00276859 -0.00144968 0.00252336 0.00130631 -0.00206677 0.00168438 0.00169991 0.00121269 -0.00283785 -0.000962653 0.00298517 -0.0030324 0.00169487 0.000624392 0.000549469 -0.00169315 -0.0026684 0.00172613 -0.00146571 0.00140794 -0.00169538 -0.00259611 -0.00158428 0.00183647 0.00170656 0.00110398 -0.00169088 0.000322998 0.00279621 -0.000606947 0.0016566 0.00302587 -0.0014893 -0.00151713 0.00150119
0.0145229 -0.00769566 0.00364181 -0.0010387 0.00671367 -6.73592e-06 0.00446473 -0.00451513 0.00436054 -0.00814134 -0.00942105 0.0151659 -0.013192 0.0021299 -0.00186223 0.0104116 0.00380042 0.0104923 -0.00362252 -0.010028 -0.00674553 -0.00678065 -0.00415745 -0.0108675 0.0045221 -0.00668028 0.0141427 -0.00676491 0.000566298 -0.0173911 0.0067909 0.0149454 0.0104401 0.00400924 0.00326115 0.00651531 -5.64066e-05 0.00607744 -0.00450365 -0.00673932 0.00322608 0.00679954 -0.00763845 -0.0145291 0.00186102 0.00415796 -0.00698474 -0.0101699 -0.00438841 0.0104287
-0.00121688 0.00124838 0.00130427 0.000600201 -0.000581096 -0.00560286 -0.000422469 0.00058784 0.00150231 -0.000960786 -0.00181398 -0.00114637 -0.0014688 -0.00459566 0.00308862 0.00161716 -0.000510309 0.00149809 0.00110683 -0.00136473 0.000583782 0.000601465 0.00043822 -0.00176941 -0.000374648 -0.0015671 -0.00127516 0.000581941 0.000960581 -0.00205326 -0.000581439 -0.00112401 0.00134044 -0.0005223 0.0011766 -0.00058863 -0.00446089 -0.0028557 0.000648643 0.00058119 0.00103193 -0.000581484 -0.000825842 0.00122797 -0.00339533 0.00153262 0.00294382 -0.00120034 -0.00122801 0.00131863
-0.000881469 0.00170828 0.00130958 8.77693e-05 -0.000732871 -0.00900082 -0.000802432 0.000288844 0.00130369 -0.00255103 -0.00212604 -0.000880518 -0.00245922 -0.0080572 0.00541456 0.00230707 -0.00170717 0.00240517 0.000894781 -0.00245622 0.000706302 0.000748585 0.00166746 -0.00244482 -0.00167496 -0.00205502 -0.000861385 0.000726932 0.000480564 -0.00400737 -0.000733775 -0.000852433 0.00287686 -0.00175717 0.00127065 -0.000640988 -0.00746441 -0.00601268 0.000420925 0.000733378 0.00077621 -0.000733808 -0.00219826 0.000873028 -0.00630038 0.00166572 0.00601538 -0.00267732 -0.00152258 0.00308197
-0.0048099 0.00509328 0.00339689 0.00388002 -0.00239121 -0.00877987 -0.00181055 0.0023166 0.00386784 -0.00148021 -0.00447777 -0.00492438 -0.00278904 -0.00587115 0.00164706 0.00409718 -0.00291526 0.00378214 0.00442176 -0.00345897 0.00241286 0.0024323 0.0028767 -0.00455984 -0.00290288 0.00098265 -0.00511164 0.00240699 0.00393571 -0.00462443 -0.0024099 -0.00460205 0.00332449 -0.00311733 0.00312002 -0.00238983 -0.0061279 -0.000938153 0.00232102 0.00239731 0.00259928 -0.00241203 -0.00121234 0.00482454 -0.00221906 0.0054032 0.00115487 -0.00290723 -0.00332133 0.0032753
-0.0054628 0.00520235 0.00384319 0.00489695 -0.00130968 0.0195717 -6.19916e-05 0.000645609 0.00459883 -0.00366213 -0.00566453 -0.0057348 -0.00210061 0.020894 -0.0220874 0.00381326 -0.00384711 0.00320793 0.00213855 -0.00332842 0.00130737 0.00143108 0.00364451 -0.00429571 -0.00361168 0.0146062 -0.00645683 0.00132584 0.00211559 0.000239073 -0.00133937 -0.00514987 0.00249834 -0.00459921 0.00329845 -0.00118548 0.0189484 0.0261776 0.000524535 0.00131965 0.00311019 -0.00134266 -0.00274203 0.00552254 0.0220103 0.00649107 -0.028363 -0.00217231 -0.0032651 0.00235452
-0.0125919 0.0133368 0.00444367 0.00901412 -0.00318148 0.0204232 -0.00902412 0.00678631 0.00542788 0.0023867 -0.00317463 -0.0112343 0.00613218 0.0217504 -0.0216435 0.00105587 -0.0116484 0.000789719 0.00412669 0.000177133 0.00306671 0.00304385 0.0114419 -0.00152835 -0.0113499 0.0172736 -0.0129386 0.00306884 0.00546065 0.00886618 -0.00303099 -0.0121248 0.000823197 -0.0110398 0.00391018 -0.00339239 0.0206834 0.0263053 0.00656604 0.00313191 0.00437498 -0.00301401 0.00512879 0.0127208 0.0211905 0.00653327 -0.0283872 -0.000620178 -0.00340539 0.000913596
-0.00840086 0.00940458 0.00480383 0.0036166 -0.00648838 0.00203324 -0.00719482 0.00674834 0.00551206 0.00270918 -0.00436117 -0.00712355 0.0017096 0.00403266 -0.005422 0.00363874 -0.00867358 0.00311826 0.00608486 -0.00131661 0.00645013 0.00647735 0.00839802 -0.00401309 -0.00818915 0.0046381 -0.00864899 0.00646233 0.0057281 0.00198951 -0.00645861 -0.00797091 0.00192657 -0.00792744 0.00430305 -0.00647801 0.00345644 0.00934195 0.00695728 0.0064787 0.00396446 -0.00645521 0.00255305 0.00850826 0.00520007 0.00503321 -0.00941546 -0.00141307 -0.0041295 0.00164194
-0.00923433 0.00969246 0.00298051 0.00503068 -0.00375658 0.0116354 -0.00645096 0.00529275 0.00357139 0.00230508 -0.00200153 -0.00890277 0.00489489 0.0127477 -0.011091 0.000459512 -0.00883611 0.000122008 0.00424673 0.000450238 0.0037012 0.00370898 0.00877394 -0.000791305 -0.00881826 0.00674566 -0.00935322 0.00370766 0.00413788 0.00422515 -0.0036936 -0.00907956 -0.000213945 -0.00872562 0.00262517 -0.00382051 0.0105049 0.0162691 0.00513683 0.00373589 0.00269709 -0.00368647 0.00406017 0.00926748 0.0113958 0.00371335 -0.0181285 0.000432004 -0.00227 -0.000247715
-0.00170929 0.00127368 0.00188662 0.000930382 0.000316112 -0.0013782 -0.000159222 -8.06101e-05 0.00223795 -0.00132572 -0.00389608 -0.00152874 -0.00139727 -0.000209065 -0.00087344 0.0032503 -0.000187483 0.00283812 -2.66058e-05 -0.00232632 -0.00032675 -0.000316393 0.000171304 -0.00357708 -0.000164319 0.000563527 -0.00160966 -0.000325377 0.000511981 -0.00163804 0.000327976 -0.00162748 0.00229428 -4.35572e-05 0.00165553 0.000304806 -0.00045757 0.00171326 -5.26234e-05 -0.000320007 0.00156158 0.000329319 -0.000977947 0.00172115 0.000588128 0.00223465 -0.00190267 -0.0021558 -0.00187037 0.00220242
-0.000429574 3.48242e-05 0.0020609 0.000223967 -0.00155315 -0.00442465 -0.000604154 -0.000455628 0.00216125 -0.00290823 -0.00425495 -0.000229788 -0.00475674 -0.00192727 -0.00216432 0.00510834 -9.57329e-05 0.00500937 -0.000129592 -0.00456509 0.00147966 0.00156942 -0.000157984 -0.00518815 0.00042221 0.00418967 -0.000827873 0.00153923 4.45968e-05 -0.0034628 -0.00156009 -0.000242463 0.00459411 -7.56888e-05 0.0018791 -0.00128085 -0.00278039 0.000447088 0.000133689 0.00155604 0.00127726 -0.00156067 -0.00325191 0.000476075 0.0002064 0.00239509 0.00011802 -0.00424512 -0.00238565 0.00452329

