0.0234355 0.031457 -0.0328837 -0.0316446 -0.0338395 -0.0338359 0.0338354 -0.0135744 0.00534864 0.00250915 -0.00247215 -0.0348171 0.00145821 0.00515369 -0.0339436 -0.00249821 -0.00268021 0.00342915 -0.00871984 -0.0143408 0.0348125 0.00341649 0.0306202 0.0338356 -0.00661166 -0.00853809 -0.0338381 -0.0114023 0.00193214 -0.00625082 0.0338285 -0.00176504 -0.00770867 -0.00311414 -0.00518894 -0.00480554 0.003417 0.00538303 0.00342892 0.0348071 -0.0288042 0.0162417 -0.0357523 0.00231154 0.00369469 -0.0348095 -0.00861129 -0.00614178 -0.00341418 -0.0235145
0.00805141 0.0140285 -0.0147171 -0.01313 -0.0115399 -0.0164414 0.0114675 -0.0043608 0.00386925 0.00184919 -0.00155841 -0.0114554 0.00285524 0.00145016 -0.0133465 -0.00149689 -0.00145935 0.00140698 -0.00161521 -0.00444161 0.0124016 0.00141217 0.012118 0.0167778 -0.00443353 0.000142224 -0.0122571 -0.00127834 -0.00026066 -0.00379672 0.0114604 0.000829611 -0.00312444 -0.00148857 -0.00397384 -0.00434735 0.00141117 0.00258559 0.00140703 0.0114499 -0.0131606 0.00445337 -0.0138591 0.00164319 0.00393829 -0.0117775 -0.00164224 -0.00491958 -0.00141097 -0.00810102
0.0209594 0.0382516 -0.0413715 -0.0413716 -0.0413717 -0.0413716 0.0413717 -0.00293684 -0.00115806 0.00291941 -0.003434 -0.0413717 0.00352622 -0.0030885 -0.0413717 -0.00439181 -0.00333181 0.00517124 0.000414384 -0.0036139 0.0413717 0.00485953 0.0413716 0.0413716 -5.54852e-05 0.0080393 -0.0413717 -0.00458572 -0.002458 0.000685818 0.0413717 0.0039423 0.000260141 -0.00349324 0.00115827 0.000978612 0.00499542 -0.00210329 0.00513666 0.0413717 -0.0347486 0.00905655 -0.0413717 0.00315467 -0.00197615 -0.0413717 0.000478763 -0.000315578 -0.00462905 -0.0210563
-0.0305356 -0.031167 0.0586811 0.059537 0.0517122 0.0475531 -0.0518061 -0.010407 0.00435398 0.0045718 -0.00463185 0.0510596 0.00406574 0.00273399 0.0519653 -0.00465784 -0.00480748 0.00550102 -0.00552026 -0.0110014 -0.0547878 0.0054911 -0.0604766 -0.04757 -0.00568872 0.000762367 0.0506986 -0.00738736 -0.00188624 -0.00499934 -0.051831 0.0043269 -0.00568371 -0.00522678 -0.0043009 -0.00427829 0.00549119 0.00360527 0.00550082 -0.0510905 0.0328788 0.0124916 0.0514863 0.00447688 0.00317263 0.052697 -0.00546072 -0.00567041 -0.00548846 0.0320152
0.0778709 0.0973771 -0.0602238 -0.0564654 -0.0615055 -0.0737482 0.0613974 -0.0111391 0.00322463 0.00312024 -0.00320403 -0.0626781 0.00280308 0.00269631 -0.064381 -0.00186943 -0.000576195 0.00324903 -0.00508745 -0.0120156 0.0603814 0.003402 0.0538425 0.0719641 -0.00426347 -0.00445288 -0.062619 -0.00513327 0.00701586 -0.00399525 0.0613724 -0.00776443 -0.00502041 -0.00292773 -0.00306839 -0.00258134 0.00342798 0.00321656 0.00319773 0.062647 -0.0960711 0.00871226 -0.0656543 0.00367124 0.00167932 -0.061534 -0.00504048 -0.0036275 -0.00326035 -0.0786511
0.0232661 0.0457074 -0.0544486 -0.0545092 -0.0573949 -0.0442551 0.0574017 -0.000567933 -0.00517599 0.00409531 -0.00394422 -0.0557811 0.00310265 -0.00789465 -0.0575072 -0.00395536 -0.00416402 0.00502977 0.00598401 -0.00139635 0.0557756 0.00501588 0.0532579 0.0444994 0.00402944 0.00472197 -0.0574044 -0.00222016 0.00472294 0.00494691 0.0573909 -0.00497318 0.00506596 -0.00467804 0.00508005 0.00445215 0.00501628 -0.00650834 0.00502951 0.0557703 -0.0444034 0.00500139 -0.0591948 0.00378306 -0.00531646 -0.055773 0.00599781 0.00321601 -0.00501295 -0.0290294
-0.0080804 0.015188 0.00576437 0.00802228 0.000819656 0.000822184 -0.000822818 0.00900147 -0.0110158 -0.00651112 0.0060496 0.0023876 -0.00665998 -0.0140329 -0.00701686 0.00679538 0.00843961 -0.00532395 0.0137099 0.00835398 -0.00861704 -0.00532752 -0.0124132 -0.000822663 0.0107337 0.0158297 0.000818753 -0.000160038 -0.00340563 0.0113374 -0.000837219 0.00346114 0.0122528 0.00634567 0.0108344 0.0100298 -0.00524294 -0.0123325 -0.00538527 -0.00242316 -0.0078112 -0.00181626 -0.00619913 -0.00576253 -0.0101096 0.00544885 0.0136716 0.00975164 0.00555686 0.00577947
-0.00421487 0.00556114 0.00222257 0.00508407 0.000221727 0.000211433 -0.000229926 -0.00440301 -0.00226314 -0.00548344 0.00527342 -0.000659026 -0.00521929 -0.0045834 -0.00273667 0.00646385 0.00787206 -0.00513416 0.00162377 -0.0052666 -0.00173679 -0.00501732 -0.0077867 -0.000353836 0.000722703 0.0102803 -0.000985971 -0.0101586 -0.00821377 0.00169102 -0.000251744 0.00966042 0.00120885 0.00558911 0.00224543 0.00185925 -0.00497738 -0.00346478 -0.00518783 0.000627463 -0.00297108 0.0138849 -0.00383754 -0.00484234 -0.00309914 0.000519744 0.00168515 0.000200756 0.00518083 0.0033156
0.0123113 0.0182867 -0.0189753 -0.0173884 -0.0157984 -0.0206993 0.0157261 -0.0073282 0.00673714 0.0059013 -0.00575157 -0.0157145 0.00650298 0.00559451 -0.0176049 -0.00571826 -0.00569514 0.00566526 -0.00577889 -0.0073739 0.0166604 0.00566833 0.0163765 0.0210357 -0.00710878 -0.00405849 -0.0165156 -0.000413414 0.00399521 -0.00682166 0.015719 -0.00342601 -0.00659068 -0.00571246 -0.00674092 -0.00665387 0.00566774 0.00618086 0.00566528 0.0157089 -0.017419 0.00426901 -0.0181174 0.00579739 0.00631636 -0.0160364 -0.00579163 -0.00703292 -0.00566762 -0.0123609
0.0397633 0.0626442 -0.0407882 -0.0379767 -0.0431679 -0.0497898 0.0430655 -0.00623111 -0.00199132 -0.00162244 0.00146826 -0.0438401 -0.00207204 -0.00262043 -0.0459712 0.00275159 0.0040795 -0.00133333 -0.0007483 -0.00714195 0.0414716 -0.00119397 0.0353651 0.0481155 0.000730395 0.000533485 -0.0442165 -0.00695879 0.00232069 0.00123621 0.0430411 -0.00306009 2.30239e-05 0.00173291 0.00207909 0.00210434 -0.00116243 -0.00227099 -0.00138592 0.0438088 -0.0599867 0.00951353 -0.0473037 -0.00102666 -0.00311272 -0.0426704 -0.000651118 0.000804651 0.00134437 -0.0406252
0.0340318 0.0554784 -0.0348226 -0.0320963 -0.0371128 -0.0430416 0.037015 -0.000719721 -0.00748627 -0.00611464 0.00608003 -0.0374234 -0.00672673 -0.00950598 -0.0400731 0.00753848 0.00870522 -0.00595803 0.00652591 -0.00170146 0.0351474 -0.00577252 0.0294269 0.041481 0.00609384 0.00677087 -0.0381242 -0.0085862 -0.00198352 0.00697778 0.0369911 0.00130397 0.0064382 0.00619699 0.00745334 0.00693389 -0.00575985 -0.00851263 -0.00600704 0.0373923 -0.0527374 0.0103661 -0.0413527 -0.00561622 -0.00802169 -0.0362855 0.00659179 0.00542031 0.0058944 -0.0347868
0.00837082 0.0143468 -0.0150371 -0.0134499 -0.0118598 -0.0167598 0.0117874 -0.00495599 0.00414053 0.00221566 -0.00189238 -0.0117769 0.0033106 0.00158731 -0.0136664 -0.00182436 -0.00178349 0.00172592 -0.00193976 -0.00505045 0.0127226 0.0017316 0.0124379 0.0170962 -0.00478911 -0.000183557 -0.0125771 -0.00125072 5.94799e-05 -0.00409997 0.0117803 0.000509199 -0.00346482 -0.00181548 -0.00424663 -0.00463572 0.00173051 0.00277461 0.00172598 0.0117713 -0.013479 0.00464942 -0.014179 0.00198612 0.00417009 -0.0120988 -0.00196138 -0.00528359 -0.00173029 -0.00842043
0.0373943 0.0605107 -0.0402188 -0.0366075 -0.0417613 -0.0484436 0.0416591 -0.00661976 -0.000639638 -0.00432286 0.00424142 -0.0432642 -0.004459 -0.00156118 -0.0446153 0.00556052 0.00689651 -0.00428548 -0.00112909 -0.007454 0.0408903 -0.00413725 0.0339688 0.0467489 -0.000574743 0.000155003 -0.0428126 -0.0088701 -0.000525559 -3.66163e-05 0.0416346 -0.000230891 -0.000924109 0.00459773 0.000716389 0.000754294 -0.0041087 -0.00104527 -0.00433736 0.0432328 -0.0578371 0.0114493 -0.0459409 -0.00375698 -0.00176633 -0.0420927 -0.00106334 -0.000535485 0.00428305 -0.0382558
0.0730427 0.0925907 -0.0547517 -0.0514695 -0.0566018 -0.0686305 0.0565015 -0.00684085 -0.00157234 -0.00241191 0.00231875 -0.0571968 -0.00268843 -0.00174156 -0.0594049 0.00365655 0.00496758 -0.00233881 -0.00149527 -0.00770752 0.0548274 -0.00218492 0.0488952 0.0668434 0.000354841 -0.000216382 -0.0576676 -0.00819512 0.00146396 0.000682357 0.0564765 -0.00221714 -0.000738441 0.00264125 0.00173052 0.00207176 -0.00215873 -0.0015198 -0.00239028 0.0571664 -0.0912825 0.0105578 -0.0605206 -0.00184076 -0.00309632 -0.056028 -0.0014035 0.000819529 0.00232707 -0.0738865
0.0384946 0.0612893 -0.0408476 -0.037562 -0.0427386 -0.0492704 0.0426391 -0.00699296 -0.000546867 -0.00475011 0.00467302 -0.0436838 -0.00507419 -0.00203888 -0.045586 0.00599354 0.00729226 -0.00455376 -0.00070111 -0.00792323 0.0413131 -0.0044061 0.0349329 0.0475951 -0.000726614 0.000442912 -0.0437854 -0.00939923 -0.000852516 -5.47873e-05 0.0426143 0.000114067 -0.000746137 0.00491483 0.000582635 0.000446703 -0.00437811 -0.00123062 -0.00460555 0.0436527 -0.058618 0.0120615 -0.0468046 -0.00421579 -0.00147887 -0.0425136 -0.000641449 -0.000904745 0.00455125 -0.0393572
0.0182811 0.0423161 -0.0715179 -0.0711963 -0.0711475 -0.0580252 0.0712658 -0.00975803 0.00171004 0.00688935 -0.00663476 -0.0717927 0.00613465 -0.000221746 -0.0713033 -0.00662974 -0.00681119 0.00757816 -0.00296785 -0.0106911 0.0717937 0.00756663 0.0709636 0.0581257 -0.00318345 -0.00434073 -0.0712714 -0.00632956 0.00752598 -0.00236833 0.0712688 -0.00819709 -0.00304098 -0.007279 -0.0016746 -0.00175189 0.00756681 0.000778681 0.00757794 0.0717916 -0.0395853 0.0119258 -0.071308 0.00651262 0.000528628 -0.0717937 -0.00289212 -0.00331453 -0.00756378 -0.0201713
-0.00170755 0.00764134 0.000263817 0.00346548 -0.0013967 -0.00164314 0.00138952 -0.00806957 0.0010198 -0.00443769 0.00418119 -0.00252919 -0.00430146 -0.00101774 -0.00435095 0.00536051 0.00675902 -0.00398309 -0.0021152 -0.00895444 0.000131447 -0.00386766 -0.00615839 0.00144088 -0.00256673 0.00650467 -0.00260474 -0.0111637 -0.0075838 -0.00167443 0.00136759 0.00920294 -0.00232421 0.00446138 -0.00100161 -0.00121859 -0.00382747 -5.64077e-06 -0.00403678 0.00249783 -0.00505151 0.0155806 -0.00539551 -0.00376904 -5.25349e-05 -0.0013499 -0.00204495 -0.00287695 0.00403135 0.000801853
-0.0144268 -0.00647496 0.0147952 0.0140581 0.00995739 0.00987462 -0.00985564 0.00252643 -0.00626665 -0.00440538 0.00467613 0.00982696 -0.00368015 -0.00699994 0.0101136 0.00473041 0.00475812 -0.00480153 0.00476701 0.00239313 -0.0135483 -0.00479743 -0.0135905 -0.00999115 0.00538183 0.00472895 0.00985094 -0.00412901 -0.00479581 0.00582119 -0.00985519 0.00479498 0.00511821 0.00473502 0.00628929 0.00615637 -0.00479822 -0.00677725 -0.0048015 -0.0098353 0.00780674 0.00397788 0.0122096 -0.00460158 -0.00680396 0.0114477 0.00484464 0.00528385 0.00479838 0.0123357
-0.00737211 -0.0300924 0.0130789 0.0126925 0.0125609 0.0278714 -0.0125607 -0.00335885 -0.00175601 -0.00411542 0.00411163 0.0130326 -0.00498631 -0.00453692 0.0125364 0.00407517 0.00388386 -0.00304306 0.00255543 -0.00422845 -0.0130539 -0.00305631 -0.013207 -0.0276032 0.000525522 0.00842178 0.00942327 -0.010621 -0.00972805 0.00152787 -0.012584 0.0112687 0.00168744 0.00338823 0.00164955 0.000944395 -0.00305593 -0.00316616 -0.00304331 -0.0130582 0.0312756 0.0139008 0.0123949 -0.00430046 -0.0019325 0.0130539 0.00257579 -0.000456633 0.00305914 0.0112415
-0.0426009 -0.0420069 0.0683556 0.0693464 0.0616275 0.058093 -0.0617125 0.00131455 -0.00611095 -0.0107002 0.0107233 0.0610664 -0.0104546 -0.00739542 0.0618815 0.0107289 0.0106851 -0.010404 0.00436999 0.000988783 -0.0647905 -0.0104058 -0.0702246 -0.0581039 0.00491445 0.0108959 0.0606781 -0.00991684 -0.0170808 0.00561501 -0.0617367 0.0193218 0.0048144 0.0104887 0.00608832 0.00561253 -0.0104063 -0.00693693 -0.010404 -0.0610969 0.0436908 0.00942446 0.0616126 -0.010768 -0.00645719 0.0627018 0.00446554 0.00440149 0.0104075 0.0439885
-0.0138704 0.0104204 0.0130094 0.0137731 0.0102596 0.00406749 -0.0102574 -0.0110431 -0.000621039 0.00154816 -4.9442e-05 0.0107886 -0.0022733 -0.00270834 0.0101106 0.00390412 0.00101015 -0.00253489 -0.000546195 -0.01173 -0.0107955 -0.00146666 -0.015342 -0.00559932 -0.000886149 -0.00407526 0.0102536 -0.0127956 0.00131175 1.84342e-05 -0.0102696 0.000616129 -0.000614191 -0.00163309 0.000615881 0.000267893 -0.00187743 -0.00168515 -0.00246423 -0.010803 -0.00659801 0.0161589 0.00771261 0.000785162 -0.00147574 0.0107994 -0.000469132 -0.00134917 0.000851069 0.0138611
0.0561989 0.047988 -0.0346293 -0.0309474 -0.0355302 -0.0355304 0.0355304 0.0084866 -0.0100842 -0.0103143 0.00987862 -0.0352733 -0.0104728 -0.0130985 -0.0421518 0.0106685 0.0122423 -0.00926585 0.012799 0.00788863 0.0290217 -0.00925229 0.0287266 0.0355304 0.00979974 0.0150607 -0.0355304 -0.00278426 -0.0072223 0.0104479 0.0355273 0.00727391 0.0114094 0.0101828 0.00988141 0.00896286 -0.00917591 -0.0114652 -0.0093247 0.035253 -0.0478988 0.00037642 -0.0384287 -0.00957842 -0.00903406 -0.0322147 0.0127638 0.00866826 0.00946691 -0.0525772
-0.0365727 -0.0281141 0.0269563 0.0269562 0.0269562 0.0269562 -0.0269562 0.0147249 -0.0106491 -0.0199505 0.0178497 0.0269562 -0.0146125 -0.0118959 0.0269562 0.0141157 0.0189596 -0.0142147 0.00958207 0.0146333 -0.0269562 -0.0154194 -0.0269562 -0.0269562 0.00967687 0.0301568 0.0269562 -0.00533126 -0.0300057 0.0103154 -0.0269562 0.0323803 0.00978332 0.0198507 0.0105997 0.0100701 -0.0148773 -0.0115126 -0.0143522 -0.0269562 0.0294126 0.004019 0.0269562 -0.0183994 -0.0107284 0.0269562 0.00965983 0.00909157 0.0163322 0.0344838
-0.0166437 -0.00869224 0.017012 0.016275 0.0121745 0.0120918 -0.0120728 0.00414557 -0.00711877 -0.00653272 0.0068651 0.0120441 -0.0056211 -0.00871498 0.0123307 0.00693167 0.00696568 -0.00701887 0.00692083 0.00400984 -0.0157653 -0.00701385 -0.0158074 -0.0122083 0.00623335 0.00691981 0.0120681 -0.00419245 -0.00701186 0.00686882 -0.0120724 0.00701085 0.00664478 0.00693744 0.00706234 0.00661623 -0.00701482 -0.00810035 -0.00701883 -0.0120524 0.010024 0.00371207 0.0144266 -0.00677349 -0.00722338 0.0136648 0.00697228 0.0057316 0.00701501 0.0145527
-0.116822 -0.129758 0.158032 0.158861 0.155566 0.150708 -0.155565 0.0141248 -0.0110676 -0.0211669 0.0189329 0.155601 -0.0159721 -0.013465 0.155426 0.0149559 0.0200244 -0.0146973 0.0106453 0.0138079 -0.155607 -0.0159816 -0.160333 -0.150822 0.00986645 0.0314008 0.155562 -0.00664095 -0.0312073 0.0108224 -0.155577 0.033612 0.0105564 0.0208077 0.0109411 0.0100602 -0.0154058 -0.012524 -0.0148434 -0.155614 0.131408 0.00562955 0.15312 -0.0195822 -0.0108435 0.155611 0.010729 0.0088495 0.0169514 0.118102
0.0998047 0.12094 -0.0965943 -0.0967615 -0.104203 -0.110928 0.104208 -0.00988033 -0.00492678 0.0115347 -0.00940812 -0.103715 0.00660773 -0.00682634 -0.104063 -0.00437629 -0.00801039 0.00587968 0.00343704 -0.0108626 0.100024 0.00723462 0.0959177 0.109266 0.00375071 -0.00927541 -0.104211 -0.00289321 0.0181929 0.00447603 0.104194 -0.0188836 0.00379115 -0.0112352 0.00489428 0.00446833 0.00671454 -0.00587102 0.00596921 0.103693 -0.119641 0.00504261 -0.104322 0.0104123 -0.00529614 -0.1021 0.00353098 0.00330061 -0.0080151 -0.101977
0.0090644 0.0150403 -0.0157284 -0.0141414 -0.0125514 -0.0174532 0.012479 -0.00483466 0.00444179 0.00277714 -0.00254493 -0.0124644 0.00361491 0.00241622 -0.014358 -0.00249513 -0.00246358 0.00242055 -0.00258488 -0.00490084 0.0134112 0.00242486 0.0131295 0.0177896 -0.00490991 -0.000843805 -0.0132692 -0.000967883 0.00075194 -0.00438333 0.0124719 -0.000182899 -0.0038213 -0.00248786 -0.00452545 -0.00480045 0.00242403 0.00337162 0.00242059 0.0124589 -0.0141725 0.00419187 -0.0148706 0.00261353 0.00445017 -0.0127867 -0.00260525 -0.00527646 -0.00242386 -0.00911401
0.0215933 0.0353579 -0.0341527 -0.0324595 -0.0358673 -0.0218049 0.0361487 -0.0049225 -0.00268485 0.000514479 -0.000172262 -0.0368317 0.000190936 -0.00496111 -0.0363999 -0.00014551 -0.000283994 0.000897564 0.00183072 -0.00580001 0.0368266 0.000889686 0.0302892 0.0218043 0.00108753 0.00052847 -0.0361663 -0.00818579 0.000956 0.00211007 0.0361438 -0.00170769 0.00158496 -0.000678276 0.00265324 0.0021844 0.000889527 -0.0039461 0.000897395 0.0368139 -0.0354309 0.012488 -0.039042 0.000103917 -0.00345903 -0.0368223 0.00190336 0.000459395 -0.000886974 -0.0274753
-0.0178919 -0.00993959 0.0182603 0.0175236 0.0134246 0.0133403 -0.0133229 0.00496425 -0.00854118 -0.00770756 0.00809036 0.0132926 -0.00666058 -0.0103561 0.0135807 0.00816705 0.00820622 -0.0082675 0.00815809 0.00480426 -0.0170136 -0.00826171 -0.0170562 -0.0134568 0.00749749 0.00815045 0.0133182 -0.00483199 -0.00825942 0.00824304 -0.0133224 0.00825825 0.00793263 0.00817367 0.0084729 0.0079245 -0.00826283 -0.00967901 -0.00826744 -0.0133009 0.0112715 0.00421933 0.0156758 -0.00798487 -0.00863216 0.0149132 0.00822354 0.00688448 0.00826305 0.0158007
-0.0106363 -0.00352197 0.0113657 0.0122116 0.00477671 0.00331556 -0.00467752 0.0012225 -0.00719603 -0.00328801 0.00362653 0.00356157 -0.00307636 -0.00849935 0.0047835 0.0036685 0.00362224 -0.00337824 0.00563998 0.000630707 -0.00729007 -0.00337955 -0.0132642 -0.00500231 0.00601043 0.00489692 0.00466896 -0.00494099 -0.0031546 0.00669727 -0.00468796 0.00243492 0.005968 0.00343801 0.00718546 0.00682244 -0.00338003 -0.00801465 -0.00337829 -0.00358433 0.00519474 0.00556499 0.00434781 -0.00361285 -0.00769208 0.00519337 0.00572877 0.00561402 0.00338122 0.00858303
0.0215933 0.0353579 -0.0341527 -0.0324595 -0.0358673 -0.0218049 0.0361487 -0.0049225 -0.00268485 0.000514479 -0.000172262 -0.0368317 0.000190936 -0.00496111 -0.0363999 -0.00014551 -0.000283994 0.000897564 0.00183072 -0.00580001 0.0368266 0.000889686 0.0302892 0.0218043 0.00108753 0.00052847 -0.0361663 -0.00818579 0.000956 0.00211007 0.0361438 -0.00170769 0.00158496 -0.000678276 0.00265324 0.0021844 0.000889527 -0.0039461 0.000897395 0.0368139 -0.0354309 0.012488 -0.039042 0.000103917 -0.00345903 -0.0368223 0.00190336 0.000459395 -0.000886974 -0.0274753
0.102582 0.124781 -0.0996075 -0.0994284 -0.107175 -0.114337 0.107179 -0.00904229 -0.00517292 0.00742192 -0.00509483 -0.106995 0.0025719 -0.00765193 -0.10705 0.000274919 -0.00355142 0.00114595 0.00481452 -0.00998773 0.103306 0.00259024 0.0984397 0.112567 0.00400606 -0.00831481 -0.107183 -0.00496953 0.0143125 0.00486418 0.107165 -0.0150587 0.00457449 -0.00691307 0.00508767 0.00445136 0.00203681 -0.00643957 0.00124122 0.106972 -0.123484 0.0065718 -0.107564 0.00620953 -0.00525965 -0.10538 0.0048801 0.00326627 -0.00342048 -0.104758
0.0210397 0.0305545 -0.0375133 -0.0375169 -0.0376865 -0.0372766 0.0375416 -0.00970337 0.00236045 0.00505985 -0.00487405 -0.0375198 0.00416331 1.32931e-05 -0.0375083 -0.00487834 -0.00507483 0.00589708 -0.00314917 -0.0105536 0.037508 0.00588426 0.0375208 0.0374097 -0.00372346 -0.00443893 -0.0391725 -0.00704613 0.00565434 -0.0028477 0.0375257 -0.00599346 -0.00327218 -0.00556862 -0.00238182 -0.00267167 0.00588456 0.00120228 0.00589684 0.0375081 -0.0305616 0.0122169 -0.037594 0.00472909 0.00158123 -0.037508 -0.00307292 -0.00410987 -0.00588136 -0.0232842
0.0102621 0.0163137 -0.00793972 -0.00698201 -0.0106588 -0.0103974 0.0106589 -0.0107505 0.00349109 0.00941552 -0.00936521 -0.0107551 0.0085923 0.00354761 -0.0108178 -0.00938008 -0.00953175 0.0101546 -0.00657674 -0.0113234 0.0107477 0.0101443 0.00532817 0.0103552 -0.00466242 -0.00735639 -0.0106629 -0.00436886 0.00982264 -0.00441512 0.0106465 -0.00977528 -0.00580208 -0.00989621 -0.00329445 -0.00266309 0.0101447 0.00368141 0.0101544 0.0107397 -0.0136855 0.00904139 -0.0134453 0.00923917 0.00160697 -0.0107435 -0.00648927 -0.00386959 -0.0101423 -0.0103184
0.00794225 0.0139183 -0.0146075 -0.0130204 -0.0114302 -0.0163313 0.0113579 -0.00447317 0.00407439 0.00177511 -0.0014596 -0.0113459 0.00285214 0.00137971 -0.0132369 -0.00139314 -0.00135307 0.00129676 -0.00151812 -0.00455991 0.012292 0.00130232 0.0120084 0.0166677 -0.00464965 0.000245889 -0.0121476 -0.00113437 -0.000369848 -0.003957 0.0113508 0.00093855 -0.00317128 -0.00138438 -0.00419843 -0.0046371 0.00130125 0.00264434 0.00129681 0.0113403 -0.0130504 0.00433138 -0.0137495 0.00155121 0.00423517 -0.0116679 -0.00154804 -0.00521208 -0.00130104 -0.00799186
0.00821144 0.0141902 -0.0148776 -0.0132904 -0.0117004 -0.0166034 0.0116279 -0.00404094 0.00404548 0.0019324 -0.00169544 -0.0116169 0.00278657 0.00171945 -0.013507 -0.00164469 -0.00161265 0.00156887 -0.00174539 -0.00410406 0.0125627 0.00157325 0.0122785 0.0169398 -0.00447536 3.21591e-06 -0.0124179 -0.00088303 -9.98707e-05 -0.00388315 0.0116209 0.000668976 -0.00312876 -0.00163733 -0.00416695 -0.00459099 0.00157241 0.00279922 0.00156891 0.0116114 -0.0133221 0.00389756 -0.0140196 0.00176536 0.0042923 -0.0119389 -0.00177172 -0.00503202 -0.00157224 -0.00826105
