-0.909537 -0.231247 -0.851433 0.461883 -0.117217 0.792057 0.99644 0.996664 0.19203 0.892964 0.19203 0.488684 0.19203 0.901735 0.850241 0.925029 -0.192039 0.997324 -0.897101 0.579521 0.901118 0.880631 -0.571635 -0.922828 -0.194998 -0.611719 -0.801204 -0.921651 -0.24135 0.99333 -0.881434 -0.825338 0.43305 0.858557 0.631244 0.75555 -0.214964 -0.929249 0.301075 -0.997302 0.19203 -0.273542 -0.927188 0.884568 0.170202 0.620375 0.193312 0.796266 0.282235 -0.38281
-0.493616 -0.657384 -0.911544 0.34277 -0.975388 0.853358 -0.478908 -0.654018 -0.19203 0.885513 -0.0518916 0.374013 -0.19203 0.886154 0.432943 0.0688809 0.0484401 -0.334426 -0.88801 0.539571 0.885571 0.440119 -0.491688 -0.0397349 0.0357862 0.0244658 -0.857223 0.884192 -0.725153 -0.229694 -0.440505 0.88441 0.626921 -0.871415 0.415836 -0.844735 -0.712123 -0.0793763 0.764064 0.622329 -0.0480905 0.971367 -0.901408 0.438375 0.976036 0.379162 -0.0594488 0.89419 0.780992 -0.253601
-0.999492 -0.452093 0.522216 -0.755408 0.889026 -0.590676 0.999815 0.999779 -0.914698 -0.499159 -0.290023 -0.713781 -0.914698 -0.4752 0.99782 0.921914 0.289591 0.99987 0.37856 0.692319 -0.477264 0.998777 -0.648052 -0.910651 0.284974 -0.00799143 0.576373 -0.996682 -0.455998 0.999911 -0.998859 -0.998881 0.3402 0.999185 0.473007 0.995025 -0.297689 -0.921313 0.622109 -0.999772 -0.289558 -0.951484 -0.264987 0.999186 -0.864031 0.394343 -0.2896 -0.24592 0.524463 -0.99054
-0.0967226 -0.19075 0.996921 0.952243 0.997567 -0.997669 0.999752 0.999214 0.935582 -0.995873 0.982609 0.954633 0.935582 -0.995639 -0.46588 0.999092 -0.982641 0.999831 0.994684 0.810356 -0.995653 -0.269381 -0.864374 -0.999009 -0.982863 -0.988056 0.997582 -0.999758 0.0426739 0.994043 0.243078 -0.9988 0.770027 0.99902 0.978425 0.999665 0.281368 -0.99909 -0.0804159 -0.9995 0.982644 -0.998751 0.986763 -0.103763 -0.997253 0.980517 0.982586 -0.992665 0.0217725 0.808494
0.892042 -0.466802 -0.753107 0.999791 -0.438772 0.757828 0.894297 0.796137 0.999077 0.733352 0.994476 0.999812 0.999077 0.74484 -0.939464 0.842917 -0.994491 0.92604 -0.668121 0.343386 0.744866 -0.925326 -0.347087 -0.864601 -0.994556 -0.9987 -0.759424 -0.267942 -0.535741 0.126038 0.924575 -0.15205 0.461106 0.293138 0.848649 -0.247558 -0.486096 -0.854433 0.104793 -0.860198 0.994493 0.439339 -0.205484 -0.921586 0.405425 0.906801 0.994446 0.337745 0.590968 0.993368
-0.999997 -0.208466 -0.416167 -0.999968 0.995872 0.454258 0.999921 0.99988 -0.999994 0.890532 -0.994735 -0.999959 -0.999994 0.894284 0.999997 -0.597572 0.994699 0.999938 -0.936732 0.0415991 0.893544 0.999997 0.299937 0.680692 0.994536 0.996841 -0.463479 -0.997677 -0.151292 0.999905 -0.999997 -0.999723 -0.776821 0.999719 -0.965772 0.987079 0.00972246 0.611789 0.682115 -0.999911 -0.994695 -0.997313 -0.991043 0.999997 -0.995402 -0.980153 -0.994803 0.958496 0.198668 -0.999994
0.999867 -0.399078 0.811383 0.999999 0.405289 -0.865645 -0.20777 -0.519776 0.999999 -0.926435 0.999854 0.999999 0.999999 -0.924824 -0.999958 0.997634 -0.999854 -0.0668179 0.942514 0.689147 -0.924795 -0.999937 -0.805627 -0.997991 -0.999854 -0.999944 0.863863 -0.778947 -0.364798 -0.970238 0.999933 0.942787 0.875595 -0.927786 0.998286 0.759898 -0.247648 -0.997805 -0.245117 0.309273 0.999854 -0.351305 0.985859 -0.999913 -0.491623 0.999201 0.999854 -0.968246 0.436644 0.999996
-0.896508 -0.510689 -0.574512 0.338394 0.635689 0.493827 0.473098 0.507612 -0.23838 0.793651 0.327846 0.357299 -0.23838 0.810249 0.793115 0.952144 -0.330735 0.570022 -0.814947 0.608495 0.809001 0.854525 -0.626273 -0.949036 -0.344321 -0.524719 -0.5121 -0.93519 -0.46391 0.486395 -0.860273 -0.0610509 0.485389 0.179086 0.738244 0.89498 -0.301598 -0.954427 0.359126 -0.410177 0.331017 -0.664434 -0.899187 0.885296 -0.631641 0.747634 0.322879 0.674614 0.549739 -0.79792
-0.347179 -0.375471 0.999277 0.963667 0.998805 -0.999469 0.999499 0.998243 0.922293 -0.998805 0.991748 0.966987 0.922293 -0.99875 -0.460378 0.999699 -0.991778 0.999675 0.998414 0.868817 -0.998756 -0.237597 -0.906926 -0.999655 -0.991931 -0.991809 0.99945 -0.99993 -0.119116 0.987396 0.205603 -0.99885 0.817607 0.999138 0.986822 0.999944 0.154171 -0.999694 0.0661063 -0.998785 0.991781 -0.999295 0.994655 -0.0324419 -0.998755 0.987859 0.9917 -0.997006 0.214053 0.813964
-0.998771 -0.573594 -0.99971 -0.948598 -0.994977 0.999624 1.89915e-05 0.312508 -0.984635 0.999887 -0.98308 -0.93909 -0.984635 0.999894 0.99818 -0.975962 0.983079 -0.0039239 -0.999944 0.0480047 0.999894 0.998526 0.425828 0.980669 0.983006 0.931535 -0.999641 0.436207 -0.491181 0.947541 -0.998532 0.895472 -0.616506 -0.909959 -0.967115 -0.788994 -0.343705 0.975641 0.829277 -0.314762 -0.98308 0.989482 -0.999958 0.998543 0.995044 -0.974765 -0.983048 0.999893 0.585726 -0.994837
-0.913262 -0.190001 -0.946795 -0.295474 0.942092 0.953071 0.999865 0.999747 -0.41157 0.975057 -0.937287 -0.346301 -0.41157 0.97718 0.871637 -0.413888 0.937174 0.999912 -0.977079 0.430976 0.977123 0.89777 -0.34464 0.41724 0.936329 0.899779 -0.954532 -0.996221 -0.22735 0.989836 -0.898404 -0.998304 -0.372786 0.998747 0.0152195 0.946335 -0.175325 0.399393 0.0925768 -0.99984 -0.937164 -0.973271 -0.986048 0.900256 -0.936521 -0.0676774 -0.937347 0.96731 0.256087 -0.730671
0.0214091 -0.493072 -0.776433 0.768608 -0.59188 0.705919 -0.270619 -0.352796 0.703906 0.692158 0.580517 0.753936 0.703906 0.693875 -0.101363 0.452057 -0.581282 -0.169009 -0.679993 0.537878 0.693051 -0.0672457 -0.55264 -0.457655 -0.584076 -0.661742 -0.711596 0.353517 -0.449737 -0.258978 0.0631446 0.842513 0.584459 -0.784581 0.759231 -0.249011 -0.310136 -0.465602 0.360506 0.370014 0.581359 0.59188 -0.561506 -0.0446778 0.591879 0.769333 0.578841 0.580851 0.533294 0.248098
-0.999768 -0.414959 -0.883116 -0.995235 0.621818 0.858698 0.979785 0.986793 -0.998347 0.973603 -0.977715 -0.994749 -0.998347 0.975598 0.999676 0.0235222 0.977552 0.979945 -0.988025 -0.00660381 0.975391 0.99974 0.451546 0.145283 0.976793 0.951309 -0.864521 -0.988943 -0.323917 0.998582 -0.999742 -0.921295 -0.792912 0.910752 -0.982389 0.964468 -0.111068 -0.0103649 0.815684 -0.985495 -0.977536 -0.692656 -0.998564 0.999751 -0.657754 -0.987108 -0.978007 0.991951 0.409527 -0.999469
-0.999463 -0.257272 0.980022 -0.81207 0.99882 -0.983182 0.999991 0.999981 -0.941376 -0.965061 0.494336 -0.7736 -0.941376 -0.962763 0.998837 0.996706 -0.496433 0.999993 0.945716 0.411287 -0.963036 0.999106 -0.262935 -0.995861 -0.506678 -0.461835 0.982404 -0.999921 -0.259905 0.999987 -0.999123 -0.999987 -0.181896 0.999988 -0.123833 0.999893 -0.168039 -0.996626 0.662752 -0.999984 0.496636 -0.99931 0.684422 0.999201 -0.998649 -0.164239 0.490925 -0.899281 0.305587 -0.987678
-0.999009 -0.29166 -0.991185 -0.995588 -0.824464 0.990849 0.959505 0.959577 -0.995635 0.99074 -0.995635 -0.995635 -0.995635 0.991075 0.998731 -0.940046 0.995635 0.966321 -0.994629 0.138678 0.991042 0.998942 0.227266 0.950049 0.995619 0.993495 -0.9911 -0.593104 -0.312217 0.991085 -0.998948 -0.918265 -0.565655 0.91463 -0.947835 0.178808 -0.27802 0.94114 0.812694 -0.963285 -0.995635 0.654578 -0.998065 0.998971 0.846878 -0.965951 -0.995628 0.995244 0.359566 -0.998208
-0.881684 -0.325484 0.382264 0.901107 0.864907 -0.374539 0.998818 0.997775 0.622555 -0.271195 0.972453 0.909772 0.622555 -0.236912 0.804632 0.977048 -0.97264 0.999236 0.310338 0.373001 -0.237555 0.843064 -0.357447 -0.978403 -0.973431 -0.987184 0.365897 -0.979991 -0.254506 0.983178 -0.844068 -0.977201 0.125988 0.982961 0.656264 0.927793 -0.0493566 -0.978254 0.215989 -0.998601 0.972659 -0.891084 0.391638 0.847465 -0.864906 0.731709 0.972089 -0.486806 0.322945 -0.154393
0.96375 -0.500169 -0.691966 0.995783 -0.914698 0.474675 -0.410606 -0.524376 0.996038 0.210327 0.977259 0.995428 0.996038 0.258146 -0.987772 0.994807 -0.97727 -0.253431 -0.160374 0.808145 0.257255 -0.980376 -0.871839 -0.995587 -0.977465 -0.989125 -0.498077 -0.570794 -0.418387 -0.579566 0.979145 0.88441 0.913228 -0.871412 0.990653 0.364249 -0.273882 -0.995335 0.252903 0.506878 0.97727 0.830151 0.3277 -0.971768 0.914696 0.992605 0.977305 -0.37631 0.509044 0.992276
0.150707 -0.363606 0.12964 0.99983 -0.0981082 -0.277001 0.920437 0.940259 0.998765 -0.492263 0.999291 0.999845 0.998765 -0.465398 -0.634225 0.996608 -0.999292 0.937366 0.578711 0.743783 -0.465501 -0.446095 -0.818356 -0.997172 -0.9993 -0.999749 0.263035 -0.697689 0.0525445 0.837416 0.418996 0.444842 0.781189 -0.328234 0.992375 0.523657 0.465898 -0.996924 -0.363042 -0.941859 0.999292 0.110492 0.868002 -0.27164 0.0375237 0.995563 0.999289 -0.838582 0.069162 0.953732
-0.999993 -0.362594 0.576203 -0.999915 0.999872 -0.503815 0.999997 0.999994 -0.999979 0.837355 -0.999912 -0.999907 -0.999979 0.845003 0.99999 -0.0247592 0.999911 0.999998 -0.969543 0.113913 0.843548 0.999992 0.353413 0.36565 0.999908 0.999903 0.491209 -0.99994 -0.0393688 0.999955 -0.999992 -0.999975 -0.966902 0.99998 -0.991477 0.999578 0.41693 0.0880875 0.556896 -0.999996 -0.999911 -0.999891 -0.999153 0.999992 -0.999867 -0.995784 -0.999913 0.98806 0.14679 -0.999986
-0.441737 -0.714174 -0.972764 0.419655 -0.992172 0.956088 -0.833167 -0.895888 -0.144808 0.96885 -0.100212 0.44725 -0.144808 0.96906 0.383004 -0.159893 0.0967853 -0.769843 -0.968918 0.58298 0.968884 0.380957 -0.552053 0.168315 0.0842124 0.071441 -0.957302 0.915932 -0.795972 -0.503766 -0.379955 0.969697 0.76255 -0.965646 0.478022 -0.887956 -0.797427 0.139343 0.777118 0.893264 -0.0964381 0.987333 -0.961146 0.37017 0.993066 0.435555 -0.107711 0.959893 0.84193 -0.121132
0.979983 -0.36369 0.96841 0.999189 0.77435 -0.974813 -0.778986 -0.824932 0.99924 -0.979563 0.996405 0.999105 0.99924 -0.978157 -0.995231 0.998827 -0.996405 -0.677515 0.980334 0.890926 -0.978172 -0.992483 -0.949254 -0.998874 -0.99642 -0.997776 0.974077 -0.990143 -0.0521993 -0.799107 0.992078 0.987452 0.957095 -0.983338 0.998747 0.992568 0.191411 -0.998871 -0.278625 0.790538 0.996405 -0.818727 0.979877 -0.989535 -0.784963 0.999065 0.996411 -0.985469 0.151123 0.998332
-0.119201 -0.39552 -0.0308726 0.922459 0.401998 -0.101173 0.952679 0.921736 0.806892 0.240554 0.837264 0.923862 0.806892 0.247671 -0.0197241 0.890847 -0.838295 0.967142 -0.229919 0.554886 0.245179 0.0168116 -0.572295 -0.885215 -0.842014 -0.833133 0.0939939 -0.851114 -0.368533 0.60996 -0.0207804 -0.624443 0.420309 0.673556 0.809925 0.755986 -0.250235 -0.893457 0.267462 -0.932225 0.838399 -0.495959 -0.313863 0.0393853 -0.429965 0.828286 0.834975 0.200435 0.438959 0.571974
-0.968474 -0.279217 -0.0372206 0.856815 -0.49585 0.0180919 0.99348 0.994541 0.622555 -0.160958 0.887435 0.873787 0.622555 -0.136487 0.913169 0.898275 -0.887436 0.994986 0.222171 0.675906 -0.136556 0.942452 -0.654345 -0.903653 -0.88766 -0.917382 -0.0270455 -0.903875 -0.207552 0.996067 -0.944598 -0.921114 0.497236 0.941893 0.716076 0.836025 -0.0617239 -0.901961 0.387165 -0.993897 0.887435 0.19203 0.306358 0.954085 0.559236 0.726251 0.887528 -0.409662 0.269544 -0.394233
-0.999914 -0.305151 -0.976966 -0.999056 -0.749679 0.971058 0.947589 0.972889 -0.999683 0.976005 -0.791798 -0.998928 -0.999683 0.978144 0.999894 -0.186522 0.790414 0.94751 -0.977632 -0.027235 0.978075 0.99991 0.387826 0.19347 0.783946 0.783187 -0.972361 -0.777209 -0.229776 0.998491 -0.999911 -0.875926 -0.550973 0.865408 -0.960272 0.463034 -0.0980229 0.167596 0.799295 -0.964754 -0.790277 0.587664 -0.986946 0.999912 0.749678 -0.968888 -0.79424 0.974639 0.29682 -0.999861
-0.99195 -0.387214 -0.981592 -0.636338 -0.398696 0.980976 0.956371 0.954977 -0.914698 0.99342 -0.127684 -0.561847 -0.914698 0.993996 0.987906 0.127791 0.125632 0.957694 -0.993447 0.0457163 0.993964 0.990293 0.330972 -0.128764 0.115104 -0.439094 -0.981576 -0.848915 -0.4208 0.98579 -0.990403 -0.777913 -0.409553 0.743526 -0.900033 0.518762 -0.385894 -0.159765 0.767742 -0.96207 -0.125435 0.213085 -0.994413 0.99086 0.364019 -0.903707 -0.130847 0.987316 0.477816 -0.973999
-0.0355545 -0.429799 0.484766 0.996242 0.900288 -0.62125 0.972584 0.938223 0.986049 -0.183333 0.996761 0.996594 0.986049 -0.150234 -0.220164 0.997107 -0.99678 0.981856 0.148677 0.468761 -0.153601 -0.128515 -0.532922 -0.997129 -0.996866 -0.998261 0.608824 -0.987238 -0.466821 0.683114 0.125225 -0.548486 0.723113 0.625336 0.959567 0.974872 -0.396117 -0.997311 0.24203 -0.964652 0.996782 -0.932788 0.215391 -0.11301 -0.907703 0.974827 0.996725 -0.4108 0.526739 0.848399
-0.999998 -0.213245 0.317751 -0.999976 0.977973 -0.320225 0.99995 0.999947 -0.99999 0.325835 -0.99455 -0.999972 -0.99999 0.326759 0.999998 0.0461618 0.994525 0.999962 -0.596381 0.321166 0.323461 0.999998 -0.0461648 0.129388 0.994425 0.996937 0.314139 -0.997531 -0.0112819 0.999995 -0.999998 -0.999485 -0.65715 0.999555 -0.945167 0.992791 0.29586 -0.0125268 0.686343 -0.999952 -0.994522 -0.98956 -0.937595 0.999998 -0.973441 -0.973254 -0.994602 0.793685 0.0824077 -0.999992
-0.998639 -0.274509 -0.98993 -0.994376 0.336859 0.988933 0.922248 0.959392 -0.993566 0.99715 -0.998358 -0.995265 -0.993566 0.997376 0.998213 -0.914424 0.998346 0.921857 -0.997735 -0.0231963 0.99736 0.998542 0.368359 0.924508 0.998292 0.997937 -0.989351 -0.937678 -0.270567 0.991577 -0.998551 -0.751741 -0.724876 0.729592 -0.955784 0.641343 -0.190664 0.9138 0.674373 -0.94966 -0.998345 -0.527774 -0.999416 0.998582 -0.360617 -0.968521 -0.998377 0.998325 0.319764 -0.997599
-0.99954 -0.261574 -0.407865 -0.992705 0.995679 0.49408 0.999135 0.997765 -0.997787 0.906838 -0.975468 -0.992266 -0.997787 0.909906 0.999373 -0.384043 0.975288 0.999438 -0.951185 0.129852 0.909367 0.999495 0.224018 0.503195 0.974544 0.98798 -0.4994 -0.998239 -0.206999 0.988909 -0.999498 -0.993974 -0.801554 0.995415 -0.942472 0.988671 -0.0507068 0.401105 0.601623 -0.998468 -0.97527 -0.995995 -0.991191 0.999505 -0.995794 -0.961169 -0.975826 0.968518 0.262896 -0.999042
-0.998491 -0.279575 -0.467785 -0.676578 0.92799 0.318474 0.998999 0.999262 -0.914698 0.485169 -0.257875 -0.633259 -0.914698 0.512495 0.997117 0.885038 0.256573 0.999209 -0.604565 0.512666 0.510556 0.997853 -0.450118 -0.874767 0.248501 -0.0480463 -0.343446 -0.993347 -0.131352 0.999639 -0.997921 -0.994327 0.0847229 0.995894 0.404373 0.978276 0.10852 -0.887627 0.264395 -0.999027 -0.256452 -0.963534 -0.775162 0.998237 -0.914732 0.402382 -0.259249 0.466877 0.206791 -0.993588
-0.559976 -0.343082 0.99383 0.95335 0.985433 -0.996237 0.998585 0.996451 0.935582 -0.993781 0.97803 0.952646 0.935582 -0.993467 -0.12636 0.999089 -0.978131 0.998984 0.992208 0.77429 -0.993498 0.170566 -0.82499 -0.998966 -0.978596 -0.973352 0.996078 -0.999349 -0.161265 0.989302 -0.207721 -0.99058 0.72347 0.99095 0.968021 0.999365 0.0847318 -0.999083 0.249315 -0.997796 0.97814 -0.991507 0.975076 0.384334 -0.985628 0.970708 0.977856 -0.984106 0.250487 0.711408
0.999675 -0.489942 -0.0921006 0.999999 -0.898787 -0.184159 -0.963447 -0.97663 0.999999 -0.649596 0.99984 0.999999 0.999999 -0.638045 -0.999905 0.996526 -0.99984 -0.953465 0.744849 0.655491 -0.637854 -0.999848 -0.761244 -0.99718 -0.99984 -0.999943 0.171659 0.346512 -0.453575 -0.992782 0.999839 0.998111 0.891023 -0.997713 0.99588 -0.343659 -0.37628 -0.996851 0.132448 0.966503 0.99984 0.910236 0.948013 -0.999789 0.875843 0.997997 0.99984 -0.879424 0.535758 0.999992
-0.999914 -0.261393 -0.657758 -0.99971 0.995239 0.67215 0.999309 0.999001 -0.99984 0.975278 -0.999714 -0.999721 -0.99984 0.976539 0.999895 -0.843833 0.999712 0.999413 -0.990331 -0.0262817 0.976339 0.999913 0.415339 0.891554 0.999703 0.999763 -0.681406 -0.996246 -0.206031 0.997629 -0.999914 -0.996727 -0.873169 0.996597 -0.980701 0.981906 -0.0463864 0.852591 0.689045 -0.999277 -0.999712 -0.995586 -0.999212 0.999914 -0.995366 -0.98875 -0.999718 0.995346 0.261807 -0.999912
-0.962588 -0.212689 -0.185835 0.434361 0.998656 0.253605 0.999995 0.999992 -0.19203 0.811299 0.896678 0.504736 -0.19203 0.827556 0.931694 0.979215 -0.897356 0.999996 -0.838514 0.325989 0.826496 0.947276 -0.228877 -0.978326 -0.90046 -0.927316 -0.268874 -0.999927 -0.219346 0.999696 -0.947891 -0.999987 -0.393152 0.999989 0.426904 0.998861 -0.0957822 -0.980532 -0.118489 -0.999994 0.897423 -0.999389 -0.872853 0.950527 -0.998522 0.495309 0.895482 0.629874 0.256918 -0.660133
-0.164548 -0.53451 -0.632668 0.76954 -0.806892 0.467963 -0.144954 -0.284111 0.678532 0.49637 0.603099 0.758836 0.678532 0.49853 -0.0509534 0.651773 -0.604418 -0.0276514 -0.496149 0.621281 0.496908 0.0399132 -0.648069 -0.642778 -0.609226 -0.695267 -0.478363 0.58351 -0.474304 -0.225948 -0.0542193 0.83496 0.661555 -0.785742 0.799209 -0.478993 -0.307532 -0.658577 0.352429 0.277277 0.604552 0.806892 -0.479729 0.124422 0.80689 0.800391 0.600199 0.464711 0.565055 0.151037
0.997742 -0.723328 0.175469 0.999999 -0.959575 -0.440545 -0.999056 -0.999161 0.999994 -0.83203 0.999909 0.999999 0.999994 -0.82213 -0.999376 0.999226 -0.999909 -0.998847 0.871491 0.770136 -0.822134 -0.998912 -0.850115 -0.999371 -0.999909 -0.999971 0.424362 0.306251 -0.730197 -0.997769 0.998833 0.99987 0.964006 -0.999818 0.996607 0.0940142 -0.649013 -0.999304 0.365971 0.999267 0.999909 0.962868 0.971994 -0.998357 0.953238 0.998277 0.999908 -0.945921 0.79944 0.999796
0.811107 -0.490458 -0.993907 0.988317 -0.997313 0.988069 -0.978698 -0.98338 0.984635 0.974 0.74355 0.987061 0.984635 0.976518 -0.862361 0.748165 -0.743967 -0.969037 -0.969932 0.622635 0.976492 -0.828334 -0.668878 -0.784783 -0.747028 -0.908418 -0.988774 0.847164 -0.512817 -0.976634 0.827673 0.999157 0.866495 -0.999031 0.918683 -0.934535 -0.557241 -0.77101 0.552702 0.977173 0.744004 0.994411 -0.908189 -0.826156 0.997313 0.932927 0.743326 0.918657 0.581969 0.948999
-1 -0.287434 0.481201 -0.999935 0.996097 -0.467929 0.999999 0.999999 -0.999987 0.329922 -0.967296 -0.999916 -0.999987 0.351281 0.999999 0.492808 0.967057 1 -0.487255 0.516563 0.348014 1 -0.342602 -0.404113 0.965977 0.980093 0.456386 -0.999445 -0.182319 0.999999 -1 -0.999977 -0.423426 0.999982 -0.78057 0.997968 0.0922349 -0.481595 0.598896 -0.999999 -0.967033 -0.998347 -0.898369 1 -0.995156 -0.875513 -0.967732 0.672403 0.250874 -0.999998
-0.116485 -0.364027 -0.999978 -0.15827 -0.999989 0.999969 -0.999358 -0.998767 -0.0969171 0.99994 -0.969881 -0.23617 -0.0969171 0.999943 0.146663 -0.992199 0.96988 -0.999267 -0.999921 0.295122 0.999943 0.185492 -0.161347 0.990705 0.969818 0.931965 -0.99997 0.999753 -0.378969 -0.987234 -0.183206 0.999986 0.432612 -0.999986 -0.404508 -0.999907 -0.441827 0.991454 0.68497 0.998748 -0.969881 0.999984 -0.999711 0.168968 0.999988 -0.48311 -0.969855 0.999766 0.43818 -0.242299
-0.972522 -0.304182 -0.151098 0.0579837 0.534202 0.134079 0.997426 0.997654 0 0.353363 0.0969171 0.0599925 0 0.377894 0.92222 0.830335 -0.0969223 0.997924 -0.372116 0.648991 0.376222 0.948703 -0.61339 -0.821375 -0.0986439 -0.28154 -0.146977 -0.981217 -0.274819 0.996878 -0.95092 -0.987254 0.269964 0.991176 0.521812 0.960412 -0.117255 -0.833463 0.286748 -0.997255 0.0969171 -0.749679 -0.619893 0.96059 -0.463143 0.478228 0.097654 0.240172 0.3324 -0.622818
-0.989171 -0.425871 -0.929008 -0.986761 0.00633647 0.91275 0.886306 0.906277 -0.995635 0.95816 -0.990255 -0.985932 -0.995635 0.960738 0.988614 -0.662077 0.99021 0.905282 -0.968408 0.493349 0.960533 0.988829 -0.384569 0.698587 0.989978 0.989226 -0.916461 -0.691081 -0.537917 0.947053 -0.988781 -0.57008 0.095207 0.674176 -0.418723 0.498134 -0.547638 0.663629 0.553684 -0.87742 -0.990205 -0.19203 -0.991424 0.98841 0.0409943 -0.559906 -0.990324 0.970942 0.581915 -0.992086
0.647516 -0.471687 -0.971155 0.803771 -0.632619 0.958545 0.0649997 -0.147123 0.823201 0.97247 -0.251399 0.779334 0.823201 0.97498 -0.749355 0.783338 0.250525 0.15922 -0.972408 0.459005 0.974844 -0.702476 -0.392347 -0.786664 0.244267 -0.0946906 -0.960666 -0.396287 -0.530651 -0.37974 0.699086 0.453924 0.277378 -0.333531 0.386675 0.0243041 -0.544641 -0.797131 0.515525 0.0914695 -0.250447 0.582247 -0.973173 -0.685467 0.620291 0.38212 -0.251961 0.934271 0.589624 0.783089
0.194976 -0.326266 0.994316 0.977772 0.938239 -0.997107 0.983403 0.958739 0.969881 -0.997804 0.995418 0.978898 0.969881 -0.997665 -0.645968 0.999737 -0.995433 0.988368 0.997298 0.790786 -0.997672 -0.486132 -0.842809 -0.99972 -0.995515 -0.996061 0.996945 -0.998696 -0.219379 0.930519 0.463936 -0.928749 0.865305 0.942001 0.979623 0.999069 -0.0815773 -0.999739 0.338837 -0.96895 0.995434 -0.967275 0.994272 -0.343521 -0.937425 0.983293 0.995398 -0.995335 0.292259 0.900206
-0.870438 -0.537659 -0.982118 0.67896 -0.838256 0.97047 -0.0910784 -0.104372 0.41157 0.954048 -0.888897 0.671838 0.41157 0.957016 0.770225 -0.619056 0.888798 0.07857 -0.96017 0.515352 0.956951 0.823615 -0.426663 0.615436 0.887736 0.669849 -0.972096 0.460038 -0.612934 0.444537 -0.826086 0.824092 0.353521 -0.779467 0.288937 -0.705492 -0.621484 0.610172 0.713099 0.158506 -0.888791 0.838256 -0.968471 0.836188 0.838257 0.287469 -0.8888 0.958061 0.670016 -0.246797
-0.9991 -0.0517651 0.989332 -0.942084 0.999968 -0.98744 0.999963 0.999938 -0.987333 -0.862036 0.367528 -0.925607 -0.987333 -0.855436 0.998596 0.996103 -0.370522 0.999967 0.643099 -0.0335285 -0.856512 0.998872 0.390976 -0.99402 -0.383047 -0.157168 0.987209 -0.999993 0.152644 0.999734 -0.998885 -0.999927 -0.875144 0.999922 -0.921723 0.999964 0.441053 -0.995893 0.536504 -0.999955 0.370819 -0.999965 -0.32505 0.99894 -0.999972 -0.930535 0.361661 -0.517604 -0.113662 -0.99622
-0.166919 -0.567305 -0.494902 0.838076 -0.403005 0.333206 0.0205177 -0.329203 0.622555 0.541409 0.754252 0.84138 0.622555 0.544618 0.0761254 0.835602 -0.755344 0.195041 -0.539475 0.48344 0.542598 0.0853265 -0.447907 -0.829881 -0.759302 -0.783121 -0.343549 -0.0498985 -0.559394 -0.132179 -0.0857104 0.436367 0.471855 -0.331569 0.629073 0.148126 -0.466349 -0.840645 0.619528 0.286151 0.755454 0.416119 -0.517425 0.0844005 0.380094 0.653296 0.751841 0.470265 0.638515 0.434845
0.237559 -0.63715 -0.999837 -0.0668558 -0.99928 0.999827 -0.975762 -0.984369 -0.0969171 0.999819 -0.99924 -0.140157 -0.0969171 0.999826 -0.377286 -0.999332 0.99924 -0.963571 -0.999826 0.465676 0.999826 -0.277588 -0.317958 0.999327 0.999238 0.997338 -0.99983 0.998139 -0.796313 -0.985425 0.275326 0.99849 0.245688 -0.998107 -0.581395 -0.999032 -0.848995 0.999322 0.802442 0.979773 -0.99924 0.99924 -0.999847 -0.276561 0.999289 -0.688502 -0.999239 0.999814 0.8273 -0.0432507
0.948263 -0.186207 -0.987554 0.938156 -0.974883 0.983356 -0.381613 -0.434576 0.941376 0.971576 0.55939 0.932635 0.941376 0.973376 -0.946441 0.306672 -0.559393 -0.193324 -0.964032 0.569377 0.973371 -0.943435 -0.627654 -0.378417 -0.560424 -0.76336 -0.983812 0.522843 -0.194457 -0.941052 0.943637 0.956288 0.661831 -0.943809 0.889917 -0.860563 -0.203391 -0.346237 0.0776921 0.378663 0.55939 0.95352 -0.891906 -0.944779 0.974203 0.90269 0.559825 0.894666 0.228008 0.9332
-0.269908 -0.582998 -0.998259 -0.200557 -0.997347 0.997366 -0.968874 -0.980599 -0.144808 0.997229 -0.483592 -0.27205 -0.144808 0.997499 0.199557 0.322416 0.48146 -0.955774 -0.996973 0.439619 0.99749 0.286502 -0.303223 -0.382651 0.470917 0.358324 -0.997512 0.933881 -0.65856 -0.97344 -0.28726 0.990038 0.515166 -0.988883 0.041464 -0.932118 -0.699571 -0.371629 0.801146 0.977751 -0.481253 0.997371 -0.992546 0.284362 0.997084 0.0245741 -0.487072 0.990009 0.715769 -0.349827
-0.928247 -0.387957 -0.986307 0.647798 -0.987303 0.978559 0.453476 0.622673 0.451124 0.963593 0.370402 0.655567 0.451124 0.966542 0.842774 0.727187 -0.37041 0.51299 -0.958779 0.572589 0.966489 0.88918 -0.567405 -0.762365 -0.372869 -0.632967 -0.979615 0.72939 -0.338649 0.815523 -0.892364 0.356781 0.616872 -0.24654 0.688056 -0.861296 -0.261888 -0.749969 0.34661 -0.522064 0.370402 0.976494 -0.88585 0.906729 0.98875 0.695379 0.371468 0.867803 0.413061 -0.30245
-0.996541 -0.434341 -0.972784 -0.933398 -0.87275 0.963948 0.632421 0.650253 -0.98308 0.953596 -0.983763 -0.928165 -0.98308 0.956396 0.995485 -0.813987 0.983718 0.710097 -0.962806 0.285089 0.956321 0.996151 -0.090926 0.819144 0.983436 0.975558 -0.965528 0.328379 -0.49979 0.942343 -0.996152 0.288039 0.0306575 -0.309463 -0.528434 -0.460385 -0.528617 0.81236 0.830191 -0.679997 -0.983714 0.852133 -0.978432 0.996116 0.877502 -0.590813 -0.98381 0.967416 0.554872 -0.989991
0.984002 -0.367938 -0.712035 0.999962 -0.849631 0.614783 -0.0212292 -0.0116221 0.999933 0.309457 0.997313 0.99996 0.999933 0.333249 -0.994678 0.979245 -0.997313 0.111281 -0.14788 0.664756 0.333398 -0.991572 -0.735412 -0.983088 -0.997316 -0.999005 -0.621908 0.290037 -0.274743 -0.694823 0.991172 0.959326 0.749681 -0.948461 0.98299 -0.552668 -0.13955 -0.981244 -0.00311967 -0.0728651 0.997313 0.863269 0.578022 -0.988925 0.82327 0.989563 0.997314 -0.350926 0.355099 0.999431
0.988469 -0.41528 0.489389 0.999995 -0.337925 -0.634177 -0.406455 -0.479455 0.999981 -0.835466 0.999822 0.999995 0.999981 -0.827465 -0.996773 0.99857 -0.999822 -0.329441 0.873588 0.719188 -0.827443 -0.994507 -0.825069 -0.998816 -0.999823 -0.999936 0.624998 -0.469779 -0.264499 -0.848277 0.994131 0.965498 0.895263 -0.954848 0.994176 0.454291 -0.0319406 -0.998699 -0.313236 0.424752 0.999822 0.355255 0.969038 -0.991854 0.307626 0.996708 0.999822 -0.949139 0.362681 0.999512
-0.999785 -0.425871 -0.365554 -0.989186 0.997313 0.478744 0.999987 0.999971 -0.997313 0.949274 -0.998657 -0.98808 -0.997313 0.951815 0.999675 0.0196275 0.998647 0.999991 -0.986344 0.169007 0.951417 0.999732 0.246139 0.223287 0.998603 0.997404 -0.487213 -0.999187 -0.22911 0.999769 -0.999734 -0.999824 -0.942346 0.999867 -0.98128 0.993237 0.176756 0.0127123 0.451155 -0.99998 -0.998646 -0.997313 -0.998761 0.999738 -0.997313 -0.989147 -0.998676 0.990225 0.332275 -0.998852
-0.999792 -0.37497 -0.746432 -0.99899 0.982334 0.780048 0.998605 0.995544 -0.999576 0.974181 -0.999432 -0.998985 -0.999576 0.974396 0.999742 -0.937404 0.999428 0.999038 -0.988394 0.112716 0.974199 0.999776 0.323976 0.956869 0.999413 0.999702 -0.782149 -0.985081 -0.379375 0.991122 -0.999777 -0.992239 -0.848788 0.993335 -0.987297 0.937928 -0.276849 0.941627 0.756646 -0.997286 -0.999428 -0.982987 -0.99874 0.99978 -0.982569 -0.993558 -0.99944 0.995206 0.440513 -0.999715
0.197251 -0.460169 -0.241973 0.820638 0.277831 0.166634 0.72434 0.576749 0.678532 0.60177 0.382406 0.815392 0.678532 0.604899 -0.259448 0.596547 -0.384373 0.791164 -0.613563 0.521175 0.603068 -0.238026 -0.527492 -0.566082 -0.391537 -0.493087 -0.170373 -0.635445 -0.440292 -0.094402 0.235783 0.140224 0.348845 -0.0491502 0.664814 0.505896 -0.304327 -0.600002 0.328102 -0.613109 0.384573 -0.294623 -0.742805 -0.228359 -0.320929 0.668034 0.37807 0.610239 0.515399 0.308735
0.993147 -0.567945 -0.841478 0.999863 -0.948993 0.764137 -0.765719 -0.871992 0.999374 0.59791 0.999542 0.999878 0.999374 0.602147 -0.995107 0.801254 -0.999545 -0.664704 -0.522453 0.467776 0.602241 -0.99443 -0.558446 -0.833403 -0.999552 -0.999781 -0.767509 0.801237 -0.701149 -0.975868 0.994422 0.990464 0.895403 -0.987952 0.986833 -0.849977 -0.723952 -0.816129 0.277308 0.793409 0.999545 0.938265 0.288257 -0.994417 0.941818 0.993541 0.999536 0.270805 0.742269 0.998844
-0.610127 -0.275317 0.790126 0.887897 0.989209 -0.866531 0.99731 0.995743 0.887435 -0.796833 0.949817 0.887435 0.887435 -0.779014 0.0688645 0.998927 -0.949931 0.998155 0.761515 0.747482 -0.780249 0.313509 -0.757856 -0.998838 -0.950681 -0.966288 0.858916 -0.999781 -0.050815 0.994924 -0.344261 -0.987233 0.491794 0.989931 0.920653 0.999284 0.21053 -0.998969 0.189461 -0.99559 0.949941 -0.993899 0.547076 0.489022 -0.989636 0.928202 0.949719 -0.813099 0.131256 0.658976
0.905159 -0.510833 -0.897452 0.99992 -0.783373 0.872741 -0.0198108 -0.231543 0.999712 0.740637 0.993566 0.999926 0.999712 0.752382 -0.966216 0.928431 -0.993566 0.129854 -0.653232 0.63736 0.752455 -0.948058 -0.652423 -0.941404 -0.993574 -0.997831 -0.875408 0.176858 -0.459426 -0.531145 0.945502 0.90527 0.650737 -0.877197 0.922022 -0.579905 -0.3248 -0.935162 0.25682 0.154738 0.993566 0.792337 0.0275358 -0.931269 0.767188 0.945051 0.993569 0.207912 0.546541 0.99471
0.57928 -0.489498 0.954747 0.922859 0.701306 -0.973123 0.895582 0.771983 0.906395 -0.972235 0.900675 0.917722 0.906395 -0.971124 -0.804862 0.993649 -0.901067 0.928931 0.965415 0.866472 -0.97124 -0.72645 -0.909847 -0.99296 -0.902898 -0.88624 0.971969 -0.985221 -0.430411 0.429084 0.717263 -0.432792 0.906557 0.537818 0.979849 0.991587 -0.310846 -0.993611 0.282927 -0.831976 0.901105 -0.803027 0.913614 -0.668997 -0.694372 0.978703 0.899998 -0.931547 0.513529 0.822623
-0.999972 -0.284 0.625113 -0.999137 0.916744 -0.742777 0.998263 0.998807 -0.999683 -0.40196 -0.840263 -0.99903 -0.999683 -0.373913 0.999964 0.928987 0.839171 0.998613 0.229841 0.522809 -0.377219 0.999969 -0.493553 -0.912662 0.834052 0.884608 0.730149 -0.992701 -0.143263 0.999833 -0.999969 -0.992306 0.203441 0.994726 -0.0305143 0.989639 0.0810973 -0.927552 0.432151 -0.998308 -0.839064 -0.959885 -0.613906 0.99997 -0.900248 -0.202495 -0.842172 0.0347318 0.218371 -0.99992
0.272764 -0.471536 -0.965889 0.98215 -0.897328 0.957469 -0.673121 -0.680409 0.951484 0.941467 0.19203 0.98318 0.951484 0.943432 -0.461987 -0.271075 -0.192032 -0.601059 -0.94125 0.435676 0.943416 -0.38754 -0.329512 0.243446 -0.19265 -0.609324 -0.958479 0.441503 -0.525081 0.00329646 0.384986 0.921764 0.248525 -0.891427 0.153017 -0.720008 -0.526448 0.249406 0.566177 0.737869 0.19203 0.897328 -0.902453 -0.376109 0.897329 0.192402 0.192284 0.902881 0.585097 0.872885
-0.681733 -0.481631 0.991895 0.160708 0.991657 -0.994904 0.988928 0.973575 -0.144808 -0.99192 0.929727 0.211318 -0.144808 -0.991546 0.320176 0.999085 -0.930134 0.991964 0.989165 0.821967 -0.991602 0.467057 -0.833296 -0.998908 -0.931921 -0.897093 0.994672 -0.999568 -0.439271 0.930105 -0.481644 -0.966957 0.76305 0.975936 0.873237 0.999745 -0.295062 -0.999072 0.452148 -0.978917 0.930174 -0.993351 0.953257 0.549987 -0.992305 0.855245 0.928977 -0.972869 0.514546 -0.382682
0.552116 -0.438547 -0.759548 0.945543 -0.825233 0.676088 -0.611415 -0.669365 0.906395 0.646266 0.846341 0.942882 0.906395 0.653758 -0.586542 0.820688 -0.846733 -0.526315 -0.601217 0.544975 0.652813 -0.579078 -0.574631 -0.825516 -0.848151 -0.895013 -0.682137 0.376316 -0.370263 -0.622539 0.579035 0.954992 0.587977 -0.942246 0.775628 -0.364294 -0.24429 -0.828495 0.300348 0.661292 0.846773 0.833831 -0.4682 -0.580531 0.809524 0.791662 0.845468 0.429588 0.454684 0.792041
-0.996625 -0.154195 0.903025 0.297752 0.995262 -0.914159 0.999993 0.999993 0.0485729 -0.802301 0.616152 0.326301 0.0485729 -0.78927 0.984351 0.989002 -0.616587 0.999995 0.758019 0.729776 -0.790362 0.991358 -0.742607 -0.987419 -0.620063 -0.743732 0.910712 -0.99977 0.0562778 0.999986 -0.991953 -0.999884 0.253406 0.999912 0.850987 0.999388 0.348086 -0.989022 -0.0264552 -0.999993 0.616625 -0.997992 0.313949 0.99439 -0.99412 0.847413 0.61605 -0.753208 0.00252401 -0.787537
-0.999888 -0.149498 0.353016 -0.995008 0.997992 -0.287474 0.999974 0.999968 -0.998639 0.604315 -0.975468 -0.99463 -0.998639 0.618635 0.999844 0.453507 0.975288 0.999981 -0.819452 0.176648 0.616332 0.999866 0.0865198 -0.293291 0.974499 0.985582 0.277013 -0.998945 -0.0362695 0.999889 -0.999867 -0.999682 -0.802995 0.999748 -0.865139 0.994849 0.185217 -0.431659 0.250399 -0.999973 -0.97527 -0.997992 -0.977688 0.999866 -0.997992 -0.903871 -0.975807 0.875219 0.0815606 -0.999367
-0.998109 -0.195285 0.96685 -0.664168 0.999651 -0.974985 0.999989 0.999983 -0.922293 -0.91631 0.822125 -0.600794 -0.922293 -0.90925 0.99666 0.999654 -0.823247 0.999992 0.807061 0.554356 -0.910023 0.997379 -0.501276 -0.999518 -0.828388 -0.803287 0.973743 -0.99999 -0.0724852 0.999852 -0.997396 -0.999714 -0.0632429 0.999753 0.491962 0.999937 0.163623 -0.99965 0.289249 -0.999989 0.823356 -0.999832 0.232833 0.997462 -0.999651 0.4816 0.820147 -0.793048 0.128158 -0.97598
0.882179 -0.362425 -0.389456 0.998385 -0.513838 0.400485 0.68898 0.404919 0.9947 0.31858 0.991217 0.998485 0.9947 0.331534 -0.919712 0.833547 -0.991229 0.770827 -0.203549 0.2699 0.331734 -0.909392 -0.277876 -0.851639 -0.991273 -0.997641 -0.400181 -0.161766 -0.364906 -0.405286 0.908942 0.389892 0.415827 -0.302149 0.791832 -0.111256 -0.268837 -0.84251 0.189289 -0.611292 0.99123 0.497291 0.266451 -0.907381 0.483347 0.86153 0.99119 -0.1328 0.424461 0.984578
-0.719598 -0.507127 -0.999801 -0.811654 -0.997787 0.999704 -0.973217 -0.982841 -0.789252 0.999695 -0.990588 -0.837558 -0.789252 0.999722 0.723725 -0.92153 0.990583 -0.959585 -0.999682 0.471374 0.999721 0.750587 -0.288618 0.917381 0.990509 0.980455 -0.999719 0.872149 -0.598909 -0.970523 -0.750033 0.997396 0.375154 -0.996754 -0.456221 -0.962841 -0.656807 0.915882 0.825318 0.979533 -0.990583 0.995396 -0.999614 0.744751 0.997787 -0.565679 -0.990572 0.999283 0.651624 -0.826587
-0.99624 -0.391869 -0.976577 -0.921545 -0.751919 0.966361 0.624247 0.714183 -0.969881 0.968564 -0.98331 -0.920694 -0.969881 0.970127 0.995201 -0.828303 0.983295 0.696952 -0.977606 0.337766 0.970071 0.995605 -0.133629 0.834083 0.983134 0.970009 -0.967931 0.262783 -0.394717 0.986355 -0.995593 0.281149 -0.0627806 -0.137972 -0.501772 -0.491403 -0.364449 0.826031 0.720605 -0.633442 -0.983294 0.727601 -0.983787 0.995509 0.757741 -0.568918 -0.983298 0.974708 0.459111 -0.979498
-0.999999 -0.471159 -0.922436 -0.999995 0.217773 0.890525 0.994444 0.995383 -0.999998 0.962564 -0.999919 -0.999995 -0.999998 0.964278 0.999999 -0.785564 0.999918 0.99481 -0.989349 0.0795215 0.963937 0.999999 0.370689 0.864705 0.999916 0.999932 -0.89557 -0.94851 -0.472822 0.999645 -0.999999 -0.923859 -0.751229 0.912282 -0.993883 0.909614 -0.369646 0.80165 0.912212 -0.996702 -0.999918 -0.456259 -0.999451 0.999999 -0.224208 -0.997379 -0.99992 0.997071 0.544015 -0.999999
0.184726 -0.422008 -0.611993 0.993058 0.341403 0.556533 0.93149 0.821174 0.977414 0.83397 0.882939 0.993504 0.977414 0.844573 -0.415215 0.852302 -0.883246 0.951195 -0.846646 0.263735 0.843863 -0.334463 -0.241509 -0.853836 -0.885036 -0.970146 -0.566828 -0.851617 -0.505029 0.120474 0.33068 -0.438506 0.470713 0.481065 0.750004 0.72623 -0.507142 -0.860084 0.279428 -0.902896 0.883275 -0.508998 -0.834305 -0.316199 -0.376752 0.815411 0.882574 0.743439 0.554671 0.888787
-0.99999 -0.103254 0.853799 -0.999881 0.999527 -0.858349 0.999959 0.999973 -0.999926 0.16922 -0.992296 -0.999879 -0.999926 0.197506 0.999986 0.818286 0.992239 0.999959 -0.695674 -0.10393 0.193235 0.999989 0.501438 -0.714156 0.991971 0.994012 0.853114 -0.999936 0.204134 0.999982 -0.999989 -0.999787 -0.928469 0.999764 -0.982278 0.99976 0.561877 -0.804633 0.612493 -0.999974 -0.992233 -0.999584 -0.978834 0.999989 -0.999569 -0.988408 -0.992395 0.858114 -0.141241 -0.999978
-0.869461 -0.509827 -0.379218 0.606875 0.972844 0.391279 0.948912 0.883634 -0.0485729 0.92663 -0.0864826 0.646302 -0.0485729 0.930703 0.813684 0.75437 0.0839553 0.961015 -0.963261 0.195938 0.930147 0.846479 0.00777809 -0.696157 0.0720546 -0.499399 -0.402741 -0.993481 -0.51043 0.58466 -0.847774 -0.492535 -0.173914 0.516009 -0.380991 0.985443 -0.367002 -0.75586 0.489505 -0.934267 -0.0837083 -0.976412 -0.986845 0.85244 -0.976555 -0.360223 -0.090834 0.954013 0.583927 -0.558979
-0.999988 -0.322312 -0.344076 -0.999732 0.98392 0.318745 0.998271 0.999015 -0.999919 0.946239 -0.986236 -0.99969 -0.999919 0.95008 0.999983 0.452171 0.986134 0.998255 -0.986652 -0.0290737 0.949617 0.999987 0.560084 -0.194139 0.985658 0.980559 -0.33903 -0.999512 0.0167671 0.999911 -0.999987 -0.988536 -0.923764 0.986785 -0.994585 0.998251 0.410287 -0.421982 0.79245 -0.99889 -0.986124 -0.986768 -0.999163 0.999987 -0.98594 -0.9965 -0.986414 0.991457 0.0910758 -0.999974
-0.99423 -0.325484 0.967267 0.126521 0.999908 -0.964942 0.999826 0.999651 -0.41157 -0.430857 0.888197 0.21957 -0.41157 -0.410367 0.988833 0.995068 -0.88883 0.999846 -0.108341 0.0164235 -0.414026 0.990968 0.390083 -0.992797 -0.891609 -0.894404 0.964066 -0.999986 -0.171289 0.999122 -0.99108 -0.999568 -0.755521 0.999534 -0.707273 0.999951 0.160192 -0.994957 0.652851 -0.999777 0.888892 -0.999906 -0.682597 0.991552 -0.999924 -0.667956 0.887025 0.0825506 0.254571 -0.888159
-0.999737 -0.305063 -0.983418 -0.997668 -0.24804 0.98258 0.949682 0.955811 -0.999077 0.995646 -0.999096 -0.997553 -0.999077 0.995895 0.999678 -0.984752 0.999095 0.962418 -0.997067 0.215824 0.995886 0.999711 0.0694002 0.986004 0.999084 0.998343 -0.983239 -0.27349 -0.267071 0.995352 -0.999711 -0.351277 -0.464581 0.413089 -0.890453 -0.154049 -0.181258 0.984813 0.722044 -0.958062 -0.999095 0.144808 -0.998631 0.999707 0.273265 -0.928775 -0.999096 0.99702 0.32738 -0.999316
-0.881568 -0.583126 -0.935538 0.240818 -0.182122 0.909105 0.70346 0.560244 -0.283668 0.913609 -0.124277 0.259069 -0.283668 0.91403 0.864963 -0.0749225 0.122459 0.778463 -0.920665 0.394682 0.913742 0.864665 -0.209062 0.0844174 0.115786 -0.159192 -0.911363 -0.376174 -0.529879 0.783068 -0.864213 0.0345372 0.0109431 0.00810536 -0.0793957 0.0335728 -0.364231 0.0595434 0.738 -0.604539 -0.122275 0.197312 -0.887217 0.861148 0.155844 -0.0886263 -0.128252 0.906236 0.621746 -0.594294
0.243744 -0.395111 0.692583 0.985171 0.601028 -0.718387 0.164831 -0.129692 0.935582 -0.509435 0.992815 0.986572 0.935582 -0.489557 -0.435673 0.993768 -0.992868 0.334593 0.555098 0.427035 -0.490841 -0.337648 -0.47266 -0.994014 -0.993072 -0.994497 0.71584 -0.916767 -0.383644 -0.644483 0.334684 0.886777 0.627351 -0.875628 0.842036 0.88229 -0.289004 -0.994125 0.416813 -0.142065 0.992873 -0.561941 0.648521 -0.325281 -0.661923 0.883315 0.992705 -0.65488 0.45043 0.809527
-0.999991 -0.181656 0.610335 -0.999892 0.990995 -0.616131 0.999259 0.999443 -0.999933 0.530323 -0.999064 -0.999888 -0.999933 0.534594 0.999988 -0.11473 0.999059 0.999249 -0.884464 0.00532851 0.531521 0.99999 0.457041 0.416386 0.999036 0.999401 0.609066 -0.997777 0.101763 0.999925 -0.99999 -0.986603 -0.901858 0.984305 -0.993221 0.996388 0.41382 0.17772 0.736873 -0.99956 -0.999058 -0.990695 -0.994622 0.999991 -0.99213 -0.996588 -0.999074 0.967428 -0.0305213 -0.999979
-0.998779 -0.262027 -0.89339 -0.84164 0.651429 0.887985 0.99609 0.997053 -0.959885 0.964786 -0.741937 -0.823139 -0.959885 0.967988 0.998034 0.570471 0.740997 0.997005 -0.967694 0.464856 0.967806 0.998453 -0.362028 -0.554619 0.735948 0.651113 -0.891625 -0.984896 -0.266372 0.998054 -0.998459 -0.791901 -0.000932126 0.833382 -0.184105 0.903877 -0.207116 -0.586067 0.469123 -0.997254 -0.740907 -0.815994 -0.983014 0.998475 -0.651427 -0.289758 -0.743297 0.951039 0.312951 -0.990172
-0.962982 -0.588675 -0.999942 -0.993054 -0.99998 0.999938 -0.999361 -0.998953 -0.992191 0.999922 -0.999712 -0.994012 -0.992191 0.999924 0.966026 -0.99883 0.999712 -0.999263 -0.999939 0.340359 0.999923 0.968721 -0.024341 0.998985 0.999713 0.999624 -0.999939 0.99847 -0.67665 -0.966228 -0.96861 0.999972 0.00497424 -0.999976 -0.957858 -0.998144 -0.712709 0.998833 0.912786 0.998862 -0.999712 0.999975 -0.99997 0.967582 0.999978 -0.978804 -0.999713 0.99994 0.730036 -0.989218
0.993763 -0.367686 0.978932 0.999997 0.913458 -0.986451 -0.175247 -0.428519 0.999991 -0.992745 0.999955 0.999998 0.999991 -0.992656 -0.998143 0.999531 -0.999955 -0.0684105 0.993982 0.645648 -0.992654 -0.996915 -0.774749 -0.999593 -0.999955 -0.99998 0.986229 -0.957471 -0.197325 -0.891385 0.996709 0.914696 0.878876 -0.89529 0.997242 0.964992 0.0459291 -0.99956 -0.194299 0.253939 0.999955 -0.902398 0.998363 -0.995461 -0.929711 0.998704 0.999955 -0.99555 0.291876 0.999669
-0.998861 -0.208745 0.956232 -0.898237 0.999908 -0.954326 0.999916 0.999729 -0.979485 -0.790407 0.928305 -0.8677 -0.979485 -0.781171 0.998197 0.998904 -0.928814 0.999939 0.656913 0.0925232 -0.782577 0.998541 0.271177 -0.998654 -0.930847 -0.874131 0.95352 -0.999975 -0.0331864 0.998543 -0.998558 -0.999842 -0.725368 0.999849 -0.823873 0.999854 0.243959 -0.998922 0.623308 -0.999838 0.928865 -0.999897 0.421712 0.998627 -0.999924 -0.829355 0.927267 -0.701232 0.0994283 -0.993899
0.154152 -0.47199 -0.953235 0.830751 -0.929238 0.937929 -0.44635 -0.570537 0.823201 0.93478 0.178656 0.808542 0.823201 0.935709 -0.261919 -0.0635032 -0.179549 -0.341277 -0.928179 0.526969 0.935518 -0.219592 -0.506434 0.0473949 -0.182802 -0.427311 -0.939172 0.845881 -0.384383 -0.465873 0.2136 0.909764 0.448624 -0.882896 0.558316 -0.85746 -0.234728 0.0415245 0.400315 0.565278 0.17964 0.929238 -0.885958 -0.185179 0.929238 0.55526 0.176683 0.879794 0.476676 0.463826
-0.955867 -0.0282533 -0.479453 -0.724215 0.253978 0.420592 0.985401 0.978542 -0.749679 0.601175 -0.385243 -0.722166 -0.749679 0.627904 0.939722 0.718524 0.384251 0.989218 -0.635887 0.346287 0.627122 0.950656 -0.272859 -0.714337 0.377626 0.205758 -0.434935 -0.947435 -0.0295362 0.960941 -0.951042 -0.696905 0.186126 0.73346 -0.0023602 0.838726 -0.0238735 -0.725667 0.453958 -0.985661 -0.384161 -0.563816 -0.772218 0.952642 -0.234898 -0.0587301 -0.386087 0.587564 0.034799 -0.904425
0.999327 -0.449656 0.87731 0.999997 0.644074 -0.922469 -0.102485 -0.560974 0.999996 -0.961391 0.999533 0.999996 0.999996 -0.961103 -0.999792 0.996012 -0.999533 0.0508819 0.966679 0.692257 -0.961095 -0.999693 -0.78719 -0.996473 -0.999533 -0.999788 0.920978 -0.805221 -0.297275 -0.962874 0.999673 0.690013 0.826199 -0.641485 0.997771 0.838317 -0.0788148 -0.996221 0.000382002 0.375704 0.999533 -0.610648 0.98956 -0.999551 -0.696161 0.998905 0.999533 -0.976679 0.397898 0.999982
-0.710325 -0.376222 -0.994023 0.103361 -0.975137 0.989847 -0.367995 -0.491859 0.0485729 0.991014 -0.575817 0.0559371 0.0485729 0.99187 0.636177 0.36593 0.57473 -0.189425 -0.990913 0.556155 0.991833 0.702492 -0.512402 -0.384241 0.568388 0.285381 -0.990415 0.107606 -0.391549 -0.605231 -0.703873 0.974926 0.605972 -0.967918 0.38332 -0.608422 -0.424104 -0.398656 0.584473 0.355602 -0.574627 0.948895 -0.989831 0.708195 0.975137 0.335946 -0.577166 0.982777 0.452137 -0.504806
-0.964627 -0.464102 -0.986727 -0.849871 -0.943103 0.982791 -0.736999 -0.722512 -0.946662 0.983002 -0.986705 -0.845978 -0.946662 0.983826 0.959989 -0.951253 0.986662 -0.657442 -0.985986 0.362528 0.983802 0.96188 -0.252903 0.952606 0.986426 0.974968 -0.983426 0.720937 -0.55109 0.248104 -0.961704 0.910913 0.265195 -0.884016 -0.269048 -0.809693 -0.591245 0.950975 0.699294 0.762031 -0.986657 0.922293 -0.991208 0.96048 0.947423 -0.356459 -0.986764 0.986249 0.60321 -0.933156
-0.244567 -0.378844 -0.919943 0.973481 -0.166021 0.912961 0.988185 0.973213 0.906395 0.965066 0.760161 0.975459 0.906395 0.967649 -0.00389384 0.55543 -0.760846 0.992034 -0.96584 0.289994 0.967518 0.0962537 -0.240477 -0.57218 -0.764621 -0.931461 -0.915387 -0.805925 -0.454591 0.81133 -0.100267 -0.845544 0.304813 0.874217 0.631937 0.496339 -0.452193 -0.579177 0.204706 -0.985028 0.76091 -0.170797 -0.952772 0.115507 0.159435 0.705828 0.759241 0.927909 0.50212 0.703838
-0.93068 -0.398669 -0.43797 0.254822 0.397685 0.398784 0.935007 0.889077 -0.451124 0.831214 0.0452531 0.301276 -0.451124 0.84421 0.903762 0.841572 -0.048715 0.951915 -0.851095 0.289548 0.843194 0.922735 -0.226093 -0.823691 -0.0644205 -0.516096 -0.411082 -0.910271 -0.419414 0.649571 -0.923281 -0.286871 0.171009 0.301191 -0.0659649 0.788274 -0.340556 -0.845262 0.488611 -0.932906 0.0490552 -0.515073 -0.951667 0.925127 -0.41463 -0.0551359 0.0390171 0.833187 0.479677 -0.800845
-0.99905 -0.266137 0.98862 -0.828108 0.999829 -0.993595 0.999914 0.99988 -0.946662 -0.971641 -0.0692753 -0.792398 -0.946662 -0.970322 0.998235 0.997313 0.0678868 0.999931 0.900735 0.512698 -0.970576 0.998571 -0.404991 -0.995804 0.0592792 -0.107454 0.993183 -0.999906 -0.0949024 0.999812 -0.998601 -0.999661 -0.208573 0.999765 0.09207 0.999754 0.209175 -0.99713 0.327848 -0.999875 -0.0677582 -0.999854 0.276015 0.998736 -0.999822 0.0262918 -0.0707212 -0.831656 0.171145 -0.988966
0.764979 -0.121855 0.998323 0.999699 0.999079 -0.998482 0.999887 0.999822 0.999651 -0.99827 0.999077 0.999683 0.999651 -0.998147 -0.978345 0.99984 -0.999077 0.999925 0.998138 0.895533 -0.998149 -0.956308 -0.95334 -0.999842 -0.999082 -0.999517 0.998436 -0.999892 0.391095 0.997609 0.952032 -0.99643 0.873785 0.997198 0.999384 0.9998 0.687107 -0.999845 -0.705354 -0.999882 0.999077 -0.999458 0.997606 -0.921414 -0.99896 0.999598 0.999079 -0.998601 -0.331592 0.99873
-0.998278 -0.433394 0.0227312 -0.992143 0.941957 -0.126792 0.986801 0.971517 -0.992191 0.369615 -0.950142 -0.992191 -0.992191 0.403011 0.997754 0.934633 0.949916 0.991129 -0.671231 0.415547 0.399327 0.998129 -0.107618 -0.908812 0.948735 0.948141 0.103604 -0.998696 -0.479877 0.980565 -0.998141 -0.980598 -0.364995 0.984529 -0.846666 0.996773 -0.408047 -0.932784 0.843045 -0.97468 -0.949894 -0.958792 -0.957154 0.998184 -0.943463 -0.894733 -0.950484 0.760022 0.537868 -0.996557
-0.999992 -0.131124 -0.833785 -0.99969 0.970554 0.856652 0.999956 0.999954 -0.99991 0.981152 -0.998657 -0.999622 -0.99991 0.982115 0.999989 -0.947521 0.998656 0.999964 -0.9917 0.0255039 0.982063 0.999991 0.434378 0.959757 0.998642 0.997364 -0.861246 -0.991655 0.0447795 0.99998 -0.999991 -0.999085 -0.870112 0.998954 -0.982136 0.966988 0.262478 0.949807 0.724088 -0.99997 -0.998656 -0.977414 -0.997941 0.999991 -0.968525 -0.988778 -0.998656 0.993109 0.00273301 -0.999963
0.641056 -0.288236 -0.995862 0.912405 -0.922293 0.994805 0.514938 0.336797 0.922293 0.993992 -0.414442 0.897784 0.922293 0.994562 -0.705713 -0.253327 0.414242 0.651343 -0.993473 0.552662 0.994555 -0.64777 -0.550255 0.193906 0.410623 -0.221657 -0.995024 -0.192004 -0.300178 -0.797283 0.646599 0.805811 0.485622 -0.761692 0.703213 -0.596788 -0.315322 0.213201 0.280299 -0.499307 -0.414232 0.844665 -0.987586 -0.6436 0.922294 0.71432 -0.413598 0.983153 0.349569 0.790618
0.0404016 -0.514805 -0.99997 -0.195717 -0.999206 0.999953 -0.987591 -0.991373 -0.144808 0.999926 -0.959885 -0.262533 -0.144808 0.999933 -0.00160241 -0.959776 0.959884 -0.981274 -0.999914 0.500337 0.999932 0.0379163 -0.345433 0.95399 0.959678 0.876322 -0.999956 0.949717 -0.564389 -0.985711 -0.0354137 0.99863 0.416213 -0.998283 -0.156889 -0.991286 -0.616202 0.955635 0.742504 0.990876 -0.959885 0.998409 -0.999778 0.0192465 0.999217 -0.239979 -0.959796 0.999697 0.628031 -0.212464
-0.99954 -0.445501 0.450962 -0.983925 0.988759 -0.589466 0.998349 0.998689 -0.9947 -0.0256719 -0.730781 -0.982938 -0.9947 0.00692163 0.999324 0.972955 0.729052 0.998653 -0.35525 0.629295 0.00261229 0.999427 -0.563657 -0.964233 0.721076 0.804426 0.570336 -0.998554 -0.334208 0.998907 -0.999434 -0.989657 0.0484567 0.992701 0.0859911 0.996427 -0.0435468 -0.97265 0.392561 -0.998249 -0.728881 -0.991397 -0.836906 0.999466 -0.987977 -0.0541983 -0.733864 0.371894 0.427902 -0.998506
-0.274336 -0.449734 -0.989828 0.741247 -0.955879 0.982882 -0.305109 -0.474608 0.622555 0.987683 0.535139 0.738645 0.622555 0.988858 0.126297 0.797654 -0.536791 -0.105669 -0.988314 0.58211 0.988794 0.242902 -0.567426 -0.804926 -0.545242 -0.757812 -0.983864 -0.340439 -0.500603 -0.563553 -0.245783 0.963312 0.720196 -0.954818 0.703691 -0.126098 -0.533261 -0.813537 0.580004 0.320423 0.53695 0.910236 -0.984513 0.255819 0.955879 0.716822 0.532608 0.971945 0.560206 0.126803
-0.999998 -0.367434 -0.967133 -0.999483 0.0560913 0.945755 0.999903 0.999943 -0.999901 0.965262 -0.987929 -0.999326 -0.999901 0.967312 0.999996 -0.386862 0.98789 0.999923 -0.977418 0.467132 0.967114 0.999997 -0.247453 0.442977 0.987659 0.983101 -0.94893 -0.866746 -0.332869 0.999996 -0.999997 -0.995253 -0.220097 0.995891 -0.765607 0.567769 -0.197504 0.383245 0.715538 -0.999939 -0.987886 -0.451124 -0.99123 0.999998 0.0520435 -0.848319 -0.987976 0.978022 0.401276 -0.999979
-0.9995 -0.363353 0.880155 -0.36981 0.908631 -0.930411 0.999295 0.999259 -0.838256 -0.93373 0.918591 -0.248912 -0.838256 -0.929128 0.99879 0.99662 -0.918844 0.999505 0.918523 0.677075 -0.929393 0.999151 -0.680391 -0.996492 -0.920307 -0.939531 0.926142 -0.994804 -0.273587 0.999782 -0.999178 -0.996328 0.646585 0.997274 0.8222 0.99354 -0.0771922 -0.996707 0.524869 -0.999085 0.918868 -0.955879 0.867905 0.9993 -0.89062 0.832303 0.918282 -0.919706 0.351974 -0.99032
-0.15484 -0.47131 -0.720919 0.70398 -0.55939 0.626055 0.464401 0.255229 0.622555 0.636266 0.221985 0.689199 0.622555 0.637874 0.0945112 0.418458 -0.223081 0.565555 -0.632384 0.542821 0.636813 0.115204 -0.544381 -0.412023 -0.227112 -0.463137 -0.632993 0.352661 -0.436372 0.0808592 -0.117483 0.452381 0.507076 -0.353096 0.65495 -0.327733 -0.301867 -0.428463 0.348597 -0.296171 0.223192 0.55939 -0.590597 0.126922 0.559389 0.652137 0.219592 0.57975 0.515963 0.157024
0.995515 -0.496628 -0.915592 0.996349 -0.998805 0.854828 -0.999752 -0.999589 0.996405 0.424997 0.9885 0.996177 0.996405 0.450597 -0.99649 0.979186 -0.9885 -0.999644 -0.303219 0.83331 0.450585 -0.995892 -0.899004 -0.983045 -0.988529 -0.993399 -0.860069 0.919723 -0.525014 -0.997107 0.995826 0.999994 0.977531 -0.999992 0.993675 -0.871281 -0.518524 -0.981268 0.376097 0.999674 0.9885 0.998316 0.424039 -0.995475 0.998755 0.995158 0.988512 -0.288266 0.592115 0.996216
-0.852683 -0.496336 -0.925502 -0.272803 -0.663766 0.909831 -0.273328 -0.379892 -0.703906 0.904723 -0.88367 -0.252572 -0.703906 0.911038 0.799863 -0.441688 0.883212 -0.165831 -0.919176 0.305265 0.910897 0.826792 -0.174516 0.446808 0.880735 0.822218 -0.913509 -0.0166624 -0.597065 -0.247527 -0.826924 0.475183 0.15403 -0.505597 -0.0806144 -0.0775783 -0.635669 0.43386 0.775376 0.324939 -0.883168 0.665964 -0.948028 0.824982 0.659964 -0.0895842 -0.884324 0.917844 0.647184 -0.699434
-0.999419 -0.342739 -0.975008 -0.93446 0.655062 0.972232 0.998358 0.998978 -0.986049 0.985365 -0.912384 -0.921689 -0.986049 0.986564 0.999011 -0.0317263 0.911995 0.998614 -0.988888 0.500265 0.986501 0.999197 -0.364132 0.0677784 0.909999 0.895972 -0.973381 -0.980363 -0.294135 0.999474 -0.999214 -0.914959 -0.194613 0.933103 -0.315728 0.843854 -0.12595 0.0129946 0.411698 -0.99896 -0.911957 -0.827016 -0.993312 0.99929 -0.627179 -0.441929 -0.91299 0.979569 0.361729 -0.996608
0.977338 -0.411213 0.10917 0.999985 -0.0600095 -0.233486 -0.286304 -0.301259 0.999939 -0.461999 0.99957 0.999986 0.999939 -0.433086 -0.99343 0.997306 -0.99957 -0.175904 0.560401 0.730537 -0.433176 -0.988789 -0.834413 -0.997784 -0.999573 -0.999882 0.219323 -0.615163 -0.233761 -0.815718 0.987992 0.964282 0.881165 -0.952386 0.995118 0.448819 0.0525579 -0.997573 -0.372533 0.271477 0.99957 0.0796094 0.874459 -0.983072 0.0262515 0.997285 0.99957 -0.857143 0.336405 0.99863
-0.992577 -0.478305 -0.991056 -0.84811 -0.87275 0.990464 0.274893 0.206023 -0.955879 0.992894 -0.991745 -0.839338 -0.955879 0.993371 0.990076 -0.9534 0.991722 0.421807 -0.994093 0.372263 0.99336 0.991518 -0.184133 0.954181 0.991579 0.979027 -0.990806 0.602478 -0.585083 0.681418 -0.991513 0.696742 0.0773692 -0.678694 -0.553823 -0.774033 -0.6228 0.952623 0.791674 -0.278307 -0.99172 0.852133 -0.996343 0.99138 0.877502 -0.627132 -0.991769 0.993202 0.633106 -0.974438
-0.0953999 -0.140371 -0.753794 0.79981 -0.283668 0.675758 0.768685 0.64445 0.789252 0.668998 0.448362 0.788711 0.789252 0.694778 -0.098968 0.882676 -0.448555 0.843452 -0.670167 0.518811 0.694251 0.0225199 -0.532377 -0.887891 -0.452031 -0.724744 -0.687881 -0.903347 -0.146659 0.0314229 -0.0264512 0.58987 0.583001 -0.503712 0.747938 0.684322 -0.157532 -0.888845 0.354272 -0.751206 0.448565 -0.0751235 -0.678548 0.0419326 0.283667 0.767013 0.449176 0.516223 0.172328 0.437592
0.384895 -0.330122 0.7974 0.946838 0.595206 -0.874616 0.154736 -0.0348149 0.946662 -0.907853 0.946662 0.946662 0.946662 -0.901418 -0.723818 0.991971 -0.946663 0.288937 0.89951 0.755872 -0.901542 -0.601814 -0.815744 -0.992084 -0.946984 -0.971619 0.868963 -0.975602 -0.201466 -0.020059 0.585333 0.695307 0.851102 -0.642035 0.960665 0.965927 -0.0551291 -0.992205 0.21039 -0.00121828 0.946662 -0.751304 0.875338 -0.495013 -0.603875 0.963922 0.946803 -0.894011 0.275272 0.879085
-0.673583 -0.350174 0.729954 0.99266 0.980101 -0.713416 0.999821 0.999737 0.966856 -0.709428 0.998676 0.993584 0.966856 -0.700154 0.374312 0.992224 -0.998682 0.999859 0.769563 0.316008 -0.700298 0.502201 -0.286568 -0.993009 -0.998704 -0.999277 0.713651 -0.997237 -0.217133 0.996934 -0.511778 -0.997923 -0.112723 0.998314 0.740796 0.97946 0.117583 -0.9927 -0.0628532 -0.999831 0.998683 -0.982613 0.888817 0.555012 -0.981638 0.820482 0.998662 -0.847343 0.30043 0.657132
-0.792593 -0.317648 0.681421 -0.37048 0.942399 -0.800471 0.735454 0.672063 -0.370402 -0.670919 0.566577 -0.370402 -0.370402 -0.653163 0.7444 0.994229 -0.568303 0.779208 0.563374 0.558645 -0.655156 0.774929 -0.476342 -0.993159 -0.576167 -0.457195 0.79139 -0.99559 -0.298251 0.671328 -0.776392 -0.351317 0.340876 0.503915 0.193776 0.993226 -0.209242 -0.994281 0.474394 -0.639489 0.568472 -0.939149 0.0719067 0.782257 -0.951463 0.128871 0.563498 -0.464031 0.35692 -0.646252
-0.98702 -0.31791 -0.997102 -0.951319 -0.952558 0.995653 0.30319 0.20638 -0.951484 0.992983 -0.959885 -0.952445 -0.951484 0.993343 0.984248 -0.814261 0.959884 0.452931 -0.994916 0.343994 0.993333 0.986911 -0.0484608 0.818612 0.959729 0.938352 -0.995848 0.415403 -0.305728 0.736441 -0.98695 0.851285 -0.147469 -0.841526 -0.762482 -0.779652 -0.282526 0.808474 0.809404 -0.355404 -0.959885 0.945407 -0.994432 0.987072 0.949322 -0.814918 -0.959818 0.992849 0.363443 -0.979737
-0.226328 -0.438939 -0.059983 0.946173 -0.398696 -0.104338 0.351536 0.223312 0.897328 -0.0558416 0.988815 0.944139 0.897328 -0.0389078 0.10626 0.988911 -0.988867 0.513703 0.15279 0.639424 -0.0410438 0.135604 -0.663905 -0.989369 -0.98905 -0.988205 0.0932737 -0.591476 -0.276507 0.200576 -0.136853 0.748148 0.6624 -0.689716 0.909231 0.570133 -0.0339093 -0.989605 0.428231 -0.234103 0.988872 0.418386 0.392045 0.141503 0.364013 0.925896 0.988701 -0.469712 0.381363 0.558692
-0.785981 -0.429878 0.847421 0.828261 0.850388 -0.847071 0.938405 0.865496 0.41157 -0.745274 0.527685 0.843889 0.41157 -0.736674 0.680414 0.989498 -0.529879 0.955664 0.58833 0.307243 -0.737534 0.73573 -0.235618 -0.987161 -0.555493 -0.698349 0.845975 -0.964163 -0.290925 0.468633 -0.737382 -0.612827 -0.17934 0.632891 -0.0252605 0.940856 -0.0274075 -0.989424 0.483221 -0.915602 0.530064 -0.842573 0.275588 0.742445 -0.862981 -0.0249679 0.529293 -0.52575 0.383389 -0.102843
-0.340003 -0.419571 -0.924947 0.726508 -0.861988 0.883287 -0.751155 -0.796402 0.678532 0.909387 0.235111 0.72389 0.678532 0.916005 0.173804 0.947174 -0.235338 -0.663085 -0.960158 0.587871 0.915492 0.288075 -0.584147 -0.935976 -0.239031 -0.669872 -0.889364 -0.675164 -0.379243 -0.505067 -0.2908 0.9842 0.69287 -0.9828 0.679864 0.555536 -0.334049 -0.948941 0.582767 0.72845 0.235351 0.723238 -0.973309 0.300656 0.870428 0.679572 0.235887 0.905045 0.455834 0.224939
0.865431 -0.434656 0.434753 0.999996 -0.426252 -0.60502 0.676943 0.692285 0.999975 -0.826173 0.9999 0.999996 0.999975 -0.816924 -0.966786 0.999031 -0.9999 0.729699 0.87154 0.748262 -0.816887 -0.940081 -0.827341 -0.99921 -0.999901 -0.999964 0.595262 -0.529772 -0.0576941 0.285311 0.935631 0.786118 0.838286 -0.74149 0.995976 0.442916 0.336138 -0.999125 -0.299648 -0.728466 0.9999 0.464143 0.972142 -0.908013 0.357597 0.997935 0.9999 -0.949216 0.188016 0.998253
-0.983967 -0.243664 0.77376 -0.879466 0.999152 -0.778648 0.999266 0.998348 -0.887435 -0.244296 -0.740376 -0.881042 -0.887435 -0.221162 0.964704 0.866197 0.739538 0.99946 -0.0174102 0.537736 -0.224664 0.975965 -0.433364 -0.828895 0.735242 0.742835 0.773224 -0.999675 -0.212378 0.99 -0.976994 -0.991993 -0.221929 0.99389 -0.174696 0.998899 -0.0664061 -0.86181 0.436133 -0.998815 -0.739457 -0.999254 -0.752433 0.981364 -0.999228 -0.325445 -0.741674 0.307955 0.261035 -0.963811
-0.906019 -0.359004 -0.999897 -0.901095 -0.998604 0.99989 0.305769 0.201985 -0.887435 0.999944 -0.999432 -0.91598 -0.887435 0.999947 0.9063 -0.998269 0.999432 0.44744 -0.999945 0.322948 0.999946 0.915059 -0.194383 0.998302 0.999431 0.998648 -0.999892 0.988032 -0.431857 -0.163423 -0.914854 0.886522 -0.0371757 -0.868853 -0.66331 -0.996756 -0.478058 0.99821 0.49006 -0.35774 -0.999432 0.996755 -0.999951 0.913219 0.998844 -0.771678 -0.999432 0.999902 0.47839 -0.921608
-0.993343 -0.287523 0.546168 -0.497433 0.993824 -0.588974 0.996455 0.99677 -0.770206 0.0210009 -0.346141 -0.471842 -0.770206 0.059873 0.983502 0.9671 0.344914 0.997151 -0.26196 0.513295 0.0562718 0.988846 -0.418615 -0.959388 0.337519 0.206673 0.576305 -0.998975 -0.221418 0.99413 -0.989249 -0.973855 -0.138318 0.981363 0.174037 0.996561 -0.0279261 -0.967047 0.321596 -0.996205 -0.344799 -0.994523 -0.770924 0.990984 -0.994456 0.123029 -0.347547 0.26727 0.283402 -0.943732
-0.998101 -0.421768 0.752872 -0.920386 0.996007 -0.775459 0.999854 0.999578 -0.946662 -0.589472 -0.439915 -0.915154 -0.946662 -0.567293 0.996851 0.987951 0.438044 0.999905 0.221751 0.547506 -0.57019 0.997468 -0.361422 -0.98331 0.428311 0.423043 0.766343 -0.999868 -0.488727 0.999055 -0.997493 -0.999728 -0.101535 0.999802 -0.399727 0.999639 -0.419242 -0.987625 0.747897 -0.99968 -0.437864 -0.997886 -0.643544 0.997597 -0.995368 -0.498106 -0.442741 -0.0975734 0.541393 -0.983856

