%YAML:1.0
mat: !!opencv-matrix
   rows: 10
   cols: 10
   dt: f
   data: [ 0., 0., 0., 0., 0., 0., 0., 0., 0., 0., 0., 7.46700866e-03,
       0., 3.22916661e-03, 0., 3.22917965e-03, 0., 3.22916661e-03, 0.,
       3.22916661e-03, 0., 0., 0., 0., 0., 0., 0., 0., 0., 0., 0.,
       3.23020294e-03, 0., 7.83976354e-03, 0., 3.22917965e-03, 0.,
       3.22916661e-03, 0., 3.22916661e-03, 0., 0., 0., 0., 0., 0., 0.,
       0., 0., 0., 0., 3.23020294e-03, 0., 3.22916661e-03, 0.,
       6.05324097e-03, 0., 3.22916661e-03, 0., 3.22916661e-03, 0., 0.,
       0., 0., 0., 0., 0., 0., 0., 0., 0., 3.23020294e-03, 0.,
       3.22916661e-03, 0., 3.22917965e-03, 0., 6.55382872e-03, 0.,
       3.22916661e-03, 0., 0., 0., 0., 0., 0., 0., 0., 0., 0., 0.,
       3.23020294e-03, 0., 3.22916661e-03, 0., 3.22917965e-03, 0.,
       3.22916661e-03, 0., 8.87731370e-03 ]
