%YAML:1.0
mat: !!opencv-matrix
   rows: 10
   cols: 10
   dt: f
   data: [ 0., 0., 0., 0., 0., 0., 0., 0., 0., 0., 0., 7.18839886e-03,
       0., 3.22917779e-03, 0., 3.22916661e-03, 0., 3.22916918e-03, 0.,
       3.22916661e-03, 0., 0., 0., 0., 0., 0., 0., 0., 0., 0., 0.,
       3.23018525e-03, 0., 6.71065599e-03, 0., 3.22916661e-03, 0.,
       3.22916918e-03, 0., 3.22916661e-03, 0., 0., 0., 0., 0., 0., 0.,
       0., 0., 0., 0., 3.23018525e-03, 0., 3.22917779e-03, 0.,
       7.41064083e-03, 0., 3.22916918e-03, 0., 3.22916661e-03, 0., 0.,
       0., 0., 0., 0., 0., 0., 0., 0., 0., 3.23018525e-03, 0.,
       3.22917779e-03, 0., 3.22916661e-03, 0., 7.32140057e-03, 0.,
       3.22916661e-03, 0., 0., 0., 0., 0., 0., 0., 0., 0., 0., 0.,
       3.23018525e-03, 0., 3.22917779e-03, 0., 3.22916661e-03, 0.,
       3.22916918e-03, 0., 8.19553807e-03 ]
