%YAML:1.0
mat: !!opencv-matrix
   rows: 10
   cols: 10
   dt: f
   data: [ 0., 0., 0., 0., 0., 0., 0., 0., 0., 0., 0., 7.86198489e-03,
       0., 3.23018851e-03, 0., 3.22967768e-03, 0., 3.22916452e-03, 0.,
       3.22916661e-03, 0., 0., 0., 0., 0., 0., 0., 0., 0., 0., 0.,
       3.22916661e-03, 0., 8.14131089e-03, 0., 3.22967768e-03, 0.,
       3.22916452e-03, 0., 3.22916661e-03, 0., 0., 0., 0., 0., 0., 0.,
       0., 0., 0., 0., 3.22916661e-03, 0., 3.23018851e-03, 0.,
       8.53811204e-03, 0., 3.22916452e-03, 0., 3.22916661e-03, 0., 0.,
       0., 0., 0., 0., 0., 0., 0., 0., 0., 3.22916661e-03, 0.,
       3.23018851e-03, 0., 3.22967768e-03, 0., 9.09614842e-03, 0.,
       3.22916661e-03, 0., 0., 0., 0., 0., 0., 0., 0., 0., 0., 0.,
       3.22916661e-03, 0., 3.23018851e-03, 0., 3.22967768e-03, 0.,
       3.22916452e-03, 0., 9.00098961e-03 ]
