%YAML:1.0
mat: !!opencv-matrix
   rows: 10
   cols: 10
   dt: f
   data: [ 0., 0., 0., 0., 0., 0., 0., 0., 0., 0., 0., 7.29618827e-03,
       0., 3.22916661e-03, 0., 3.22917709e-03, 0., 0., 0., 0., 0., 0.,
       0., 0., 0., 0., 0., 0., 0., 0., 0., 3.22916661e-03, 0.,
       8.24239012e-03, 0., 3.22917709e-03, 0., 0., 0., 0., 0., 0., 0.,
       0., 0., 0., 0., 0., 0., 0., 0., 3.22916661e-03, 0.,
       3.22916661e-03, 0., 6.93237688e-03, 0., 0., 0., 0., 0., 0., 0.,
       0., 0., 0., 0., 0., 0., 0., 0., 0., 0., 0., 0., 0., 0.,
       9.47974995e-03, 8.61099083e-03, 3.22916661e-03, 0., 0., 0., 0.,
       0., 0., 0., 8.98293033e-03, 2.99510313e-03, 8.98138154e-03, 0.,
       0., 0., 0., 0., 0., 0., 3.22975032e-03, 8.61099083e-03,
       8.52755457e-03 ]
